1.000000000000000000e+00 5.145247526054587128e-01
2.000000000000000000e+00 3.985625591062831319e-01
3.000000000000000000e+00 3.140218933857155115e-01
4.000000000000000000e+00 3.140147199303696679e-01
5.000000000000000000e+00 3.139671957887034681e-01
6.000000000000000000e+00 3.055249355285700741e-01
7.000000000000000000e+00 3.048108778276864550e-01
8.000000000000000000e+00 3.046437960969229364e-01
9.000000000000000000e+00 3.009100125894141331e-01
1.000000000000000000e+01 3.004189297921969759e-01
1.100000000000000000e+01 3.003992027899958783e-01
1.200000000000000000e+01 2.938345944666356790e-01
1.300000000000000000e+01 2.938322033148537127e-01
1.400000000000000000e+01 2.937120479378109161e-01
1.500000000000000000e+01 2.936896308898551688e-01
1.600000000000000000e+01 2.934029915699943869e-01
1.700000000000000000e+01 2.933907369171119273e-01
1.800000000000000000e+01 2.933094377565257371e-01
1.900000000000000000e+01 2.927215133121397472e-01
2.000000000000000000e+01 2.926820593077376631e-01
