1.000000000000000000e+00 8.919039083120439138e-01
2.000000000000000000e+00 7.913026295360555684e-01
3.000000000000000000e+00 7.051263955736848388e-01
4.000000000000000000e+00 6.398396589930697154e-01
5.000000000000000000e+00 5.860703750229361297e-01
6.000000000000000000e+00 5.356744625894508394e-01
7.000000000000000000e+00 4.924275571991136302e-01
8.000000000000000000e+00 4.588349870852093670e-01
9.000000000000000000e+00 4.548194046493246323e-01
1.000000000000000000e+01 4.493923696876455653e-01
1.100000000000000000e+01 4.492723962229530632e-01
1.200000000000000000e+01 4.492582816976951054e-01
1.300000000000000000e+01 4.429702606952815036e-01
1.400000000000000000e+01 4.322714505497607385e-01
1.500000000000000000e+01 4.316151251252663967e-01
1.600000000000000000e+01 4.245931488094397688e-01
1.700000000000000000e+01 4.245296334457790421e-01
1.800000000000000000e+01 4.237886208697370649e-01
1.900000000000000000e+01 4.207751697271662206e-01
2.000000000000000000e+01 4.077615774393428261e-01
