1.000000000000000000e+00 9.999576564242261822e-01
2.000000000000000000e+00 9.999082555858234134e-01
3.000000000000000000e+00 9.994918770907140759e-01
4.000000000000000000e+00 9.960126466146310698e-01
5.000000000000000000e+00 9.942836172705331599e-01
6.000000000000000000e+00 9.939378114017135557e-01
7.000000000000000000e+00 9.939166396138265913e-01
8.000000000000000000e+00 9.870922666516112054e-01
9.000000000000000000e+00 9.870287512879504233e-01
1.000000000000000000e+01 9.706629592513655869e-01
1.100000000000000000e+01 9.642337929963725740e-01
1.200000000000000000e+01 9.637821281881183699e-01
1.300000000000000000e+01 9.636550974607969167e-01
1.400000000000000000e+01 9.613614871063811407e-01
1.500000000000000000e+01 9.613473725811232384e-01
1.600000000000000000e+01 9.607475052576606167e-01
1.700000000000000000e+01 8.704216008694547480e-01
1.800000000000000000e+01 8.686219988990669938e-01
1.900000000000000000e+01 8.662860449688775111e-01
2.000000000000000000e+01 8.661519569789269957e-01
