1.000000000000000000e+00 7.514598425383585930e+09
2.000000000000000000e+00 6.710658432866095543e+09
3.000000000000000000e+00 6.395566332253998756e+09
4.000000000000000000e+00 5.970991486148899078e+09
5.000000000000000000e+00 5.549756599380897522e+09
6.000000000000000000e+00 4.472553436027444839e+09
7.000000000000000000e+00 4.149656401200974464e+09
8.000000000000000000e+00 4.148236852876079559e+09
9.000000000000000000e+00 4.148012855293904781e+09
1.000000000000000000e+01 4.147855337017345428e+09
1.100000000000000000e+01 4.147855337017345428e+09
1.200000000000000000e+01 4.147412399935274601e+09
1.300000000000000000e+01 4.147412399935274601e+09
1.400000000000000000e+01 4.146631998183358192e+09
1.500000000000000000e+01 4.146631998183358192e+09
1.600000000000000000e+01 4.144901257949627876e+09
1.700000000000000000e+01 4.144901257949627876e+09
1.800000000000000000e+01 4.142315925787432671e+09
1.900000000000000000e+01 4.141530117501988888e+09
2.000000000000000000e+01 4.139705453923349857e+09
