1.0
0.9988585239180935
0.9972118173909266
0.9961987411781444
0.9350501006077112
0.8940804447223494
0.8644674247414866
0.8420155182761708
0.8245071271599905
0.8103175210451246
0.7987069466328616
0.78902710908554
0.7808288440225023
0.7737954829093281
0.767681670745573
0.7622564836080568
0.7571479614481631
0.7522712288779931
0.7473719196852389
0.7429326221250883
0.7388927441467024
0.7305577078940725
0.7229470285546667
0.7159704604083051
0.709541341220946
0.7036016539780812
0.6979814339462697
0.6919489407112208
0.6862051732733709
0.6806868962092671
0.6755029334611494
0.6706102488352101
0.6660130851796014
0.6616861846775134
0.6575021618574057
0.6534927487658003
0.6446563703240098
0.6361925410159613
0.6281611601353428
0.6205265510504928
0.6132574071685623
0.6061271300251976
0.5992850011306533
0.5919833498123543
0.584966735757669
0.5782320405917768
0.5717834130837568
0.5656029802319497
0.5596743280552399
