1.0
0.9946962759006572
0.991667633090512
0.9895869076070907
0.9881875308608027
0.9872540152419985
0.9864794457446806
0.9858042549350384
0.9851953497942879
0.9846983024017923
0.984223126198361
0.9837643782945588
0.9833182905361616
0.9828821713844376
0.9824540470443173
0.982032437169498
0.9812634620966224
0.9804551404648905
0.9796925299726156
0.9790057620780065
0.9783131927188061
0.9776156673481812
0.9769463338730925
0.9742152513837795
0.9717010414661585
0.9693523317086683
0.9671705709082998
0.9651443619459126
0.9631829206789403
0.961351943269127
0.9596345714575848
0.9580019035062655
0.9564562746558091
0.9548527423240687
0.9533370487277449
0.9519046387414678
0.9504522411215485
0.9490383810065024
0.947678571751552
0.9463843095011221
0.9350159450457332
0.9241821207660317
0.9135359724178973
0.9033186754823361
0.8935552946543278
0.8841700605860681
0.8751728974443396
0.8665230991738172
0.858220973802419
