300000029
300000010
300001375
300000055
300003207
300003520
300006064
300001873
300002190
300006722
300003350
300004704
300005330
300003055
300004916
300005642
300005235
300005596
300001134
300000189
300005688
300000302
300007198
300000310
300003177
300004968
300000367
300001688
300001687
300000808
300002115
300000441
300000443
300001728
300002397
300002175
300002180
300000717
300001761
300001006
300001052
300001991
300002120
300001097
300006671
300001296
300006772
300007201
300001343
300003079
300001494
300001606
300003254
300001625
300003415
300001666
300006095
300001679
300001683
300006128
300002185
300002305
300002437
300002438
300002441
300002445
300002449
300002461
300002470
300003109
300002569
300003130
300003126
300007526
300002774
300007566
300005242
300003212
300003257
300006334
300006741
300006311
300004710
300004498
300006554
300006354
300001530
300000006
300006154
300003054
300001114
300000018
300001785
300000200
300007003
300000085
300001516
300005236
300000118
300002489
300000603
300001937
300006101
300001944
300001945
300001682
300002072
300004697
300004146
300003166
300001716
300001117
300000172
300001260
300001693
300004457
300001353
300000229
300006988
300006601
300000230
300007029
300007028
300000231
300007037
300006603
300000233
300007031
300003718
300002340
300000798
300000827
300007033
300000260
300000261
300003265
300005207
300007199
300000306
300000307
300005977
300001956
300000340
300001049
300001939
300001171
300000378
300000379
300000407
300000409
300002325
300002601
300000430
300006743
300002488
300000480
300003575
300000491
300000516
300001513
300000533
300002682
300001608
300003223
300000595
300000596
300000602
300000622
300000623
300003266
300000730
300000727
300000732
300002509
300005530
300000788
300006614
300000797
300006898
300000828
300000796
300006604
300000810
300007035
300000830
300002016
300000921
300000939
300002776
300006846
300004701
300001009
300004700
300001034
300002144
300001041
300002343
300001611
300005976
300001089
300001096
300003736
300001665
300001105
300004449
300001112
300001113
300006277
300003522
300003535
300001177
300001954
300002844
300002851
300002891
300001252
300002327
300001256
300001297
300006647
300005122
300006608
300006607
300001328
300001329
300001908
300003211
300003238
300001354
300005068
300002773
300001620
300001487
300002038
300001493
300002238
300002232
300002085
300006857
300001514
300001694
300003320
300002275
300002269
300001607
300004182
300006228
300007297
300007295
300003413
300001640
300003410
300003897
300003875
300001652
300001655
300001656
300003426
300001676
300001681
300001872
300003287
300001703
300001709
300001706
300003519
300001742
300004864
300002421
300001764
300001792
300002070
300001858
300006889
300001896
300001943
300001948
300005517
300002513
300001973
300002860
300002052
300002084
300003365
300002053
300002062
300002054
300004903
300005544
300002059
300002063
300002068
300003366
300002067
300003367
300003053
300002114
300002118
300002127
300002129
300002151
300002133
300005625
300006776
300003197
300002188
300002186
300002189
300005865
300005880
300002299
300002266
300002300
300002307
300002952
300004863
300002691
300007528
300002723
300006333
300002401
300006767
300002431
300002436
300002440
300003661
300003241
300002444
300002448
300007766
300002460
300002480
300002472
300002608
300002500
300002506
300002503
300002502
300002505
300002567
300002609
300002612
300002978
300007231
300002672
300002673
300005774
300007396
300002729
300003725
300002730
300003721
300007542
300002769
300002775
300002780
300002799
300002795
300002806
300002832
300002835
300002884
300002797
300002798
300006994
300002810
300002831
300002811
300002834
300002812
300002836
300002814
300002838
300002815
300002839
300002848
300002827
300006940
300006992
300002840
300002841
300002890
300002850
300002858
300002859
300002863
300002866
300002872
300002897
300007272
300007335
300006735
300007225
300003031
300003043
300003044
300006637
300004911
300006757
300003081
300003127
300003118
300003133
300003119
300003124
300003125
300003120
300003765
300003192
300003239
300003248
300003250
300003249
300006129
300006138
300004966
300006176
300007138
300005515
300007474
300007556
300003418
300003420
300003601
300004061
300003646
300003666
300003648
300003654
300003670
300003990
300007488
300003754
300003772
300005318
300004703
300003878
300003867
300003874
300003883
300004476
300003993
300003994
300007497
300003995
300005563
300006726
300006293
300005637
300004499
300007448
300004546
300004626
300004707
300004708
300004766
300007341
300004778
300004901
300004913
300005986
300005914
300007422
300007423
300006226
300005328
300007317
300005332
300007521
300006070
300005529
300007559
300006231
300006631
300005997
300006001
300006663
300006065
300006082
300006202
300006222
300007102
300006332
300006740
300006357
300006844
300006393
300006398
300006768
300006613
300006599
300006606
300006612
300006949
300006677
300006611
300006629
300006625
300007103
300007385
300006969
300006945
300006977
300006975
300006974
300007246
300007052
300007303
300007240
300007628
300007283
300007293
300007673
300007619
300007626
300007627
300000003
300000004
300005580
300000007
300005175
300004810
300004811
300000344
300003501
300006361
300000030
300006730
300006731
300000031
300000046
300002236
300006208
300000056
300003711
300000063
300000079
300000086
300006305
300000104
300005638
300006283
300000114
300000115
300000116
300000117
300000433
300001277
300000119
300006289
300007156
300000128
300004658
300005418
300000132
300003245
300003246
300003206
300002079
300000152
300005980
300000165
300000434
300007588
300000169
300000170
300000171
300000173
300004776
300003531
300001737
300000187
300000188
300000196
300005974
300000198
300000204
300001357
300000228
300006897
300007021
300007023
300007079
300007175
300007024
300007025
300007026
300000237
300000832
300000833
300000238
300000831
300000241
300007402
300003719
300004453
300002674
300000248
300000250
300006932
300000258
300000259
300000814
300000825
300007343
300000264
300002230
300001810
300001812
300001811
300000273
300002251
300006304
300000279
300000280
300004577
300000281
300003806
300000284
300000385
300006869
300006770
300000292
300004122
300000299
300000303
300006877
300000304
300000305
300000311
300001376
300006921
300006050
300000314
300006105
300006771
300004085
300004696
300000339
300004283
300000357
300006238
300000360
300001941
300000375
300000377
300000380
300003525
300001515
300001925
300001809
300000393
300004839
300000396
300002139
300000397
300004285
300003842
300005297
300005662
300005850
300000426
300002324
300000431
300007651
300005595
300006527
300006781
300000698
300006782
300000699
300000690
300004713
300000478
300000479
300003332
300000490
300001538
300001537
300000518
300004946
300000523
300000524
300000534
300000554
300000555
300003614
300000572
300000593
300000597
300005826
300000594
300002116
300003812
300002122
300004674
300004667
300001793
300007653
300002086
300004293
300004805
300004294
300000632
300000634
300004409
300006780
300000710
300000716
300007763
300000724
300000729
300007227
300001557
300005142
300000739
300002511
300000741
300000745
300005179
300003660
300000762
300002292
300000774
300007591
300007560
300000775
300000780
300000783
300000786
300000784
300000785
300002138
300000826
300006600
300006714
300006555
300000802
300005005
300007796
300005663
300006864
300000809
300000813
300000811
300000829
300006933
300006595
300005747
300000923
300002418
300000925
300000926
300001889
300005180
300007056
300000968
300000969
300002187
300004675
300004712
300001008
300001007
300004676
300004699
300004406
300004407
300004408
300003199
300005968
300005967
300005634
300005632
300005636
300006243
300005065
300006350
300001069
300006348
300001070
300001072
300001073
300005975
300001090
300006887
300003748
300003018
300005170
300003749
300004588
300001102
300004572
300004443
300001106
300004448
300003714
300001115
300003169
300004872
300001527
300002400
300001139
300005071
300002875
300001154
300007552
300002414
300001169
300001170
300001172
300002415
300003213
300001195
300002286
300002288
300001208
300006871
300006487
300004328
300001210
300001225
300001211
300006486
300001217
300006485
300001220
300005483
300004174
300002301
300001251
300005310
300002607
300004888
300004570
300001254
300001258
300001255
300006666
300004795
300003931
300003930
300001345
300003270
300001346
300003934
300004581
300003917
300005121
300001298
300006716
300001326
300006491
300005776
300001500
300003913
300002402
300003579
300004585
300001347
300001348
300001351
300001352
300006535
300007463
300003251
300001356
300001362
300001363
300003225
300001374
300003178
300001392
300006673
300007698
300001408
300002777
300001413
300003701
300005358
300006227
300005243
300003075
300003076
300001438
300003077
300001485
300001788
300001486
300001498
300005539
300001488
300001497
300001489
300003961
300002036
300001495
300001789
300001501
300003276
300001504
300001509
300005541
300001536
300003171
300005579
300001695
300003157
300001897
300003161
300002268
300001551
300003671
300006407
300001556
300005853
300003530
300003524
300001599
300003545
300001614
300006662
300004181
300001940
300007277
300001626
300006742
300001631
300001633
300001634
300003414
300007737
300003899
300002512
300003419
300002669
300003423
300003411
300002293
300006329
300006292
300003175
300001677
300001678
300004295
300006686
300001972
300002719
300001701
300001702
300001705
300001711
300001726
300001729
300004191
300001763
300007172
300001767
300001776
300001800
300006812
300001802
300006803
300004808
300001913
300006040
300003176
300001883
300001888
300001890
300006514
300005429
300002271
300003158
300003160
300002272
300006039
300007424
300005237
300006841
300001938
300001942
300006107
300007659
300005173
300001958
300001961
300001964
300001970
300004458
300004378
300005391
300001982
300005621
300001985
300002015
300004950
300002022
300002018
300002021
300004014
300002041
300002061
300002055
300002060
300002056
300005491
300003056
300006862
300002065
300005505
300006845
300006042
300005415
300005635
300002076
300006799
300002080
300002168
300003709
300002123
300005197
300007472
300002119
300007476
300007477
300006884
300002125
300002126
300003204
300002130
300002134
300002131
300002132
300002148
300005691
300004234
300004280
300003474
300002145
300004733
300002146
300002147
300004047
300002150
300003205
300003203
300002153
300006870
300002161
300003551
300003688
300003691
300006324
300002181
300005088
300007471
300007547
300003594
300005476
300007715
300002200
300002199
300002197
300007713
300007544
300002205
300002668
300002667
300002210
300006544
300003869
300003870
300002214
300002215
300002218
300007384
300006193
300002233
300002235
300004044
300002246
300002274
300002265
300002264
300002284
300006086
300002287
300006314
300006910
300007093
300006719
300002295
300002304
300002296
300006516
300002303
300006521
300002320
300002306
300002308
300002309
300002310
300002326
300002328
300002329
300005583
300003310
300002690
300002693
300007184
300007398
300005403
300002385
300005601
300003194
300002399
300003312
300005168
300005161
300002419
300002422
300007730
300002423
300007420
300002474
300002465
300002435
300002439
300003123
300003135
300003121
300002443
300002447
300002453
300002454
300002458
300002482
300002479
300002462
300002487
300002466
300002469
300002484
300002471
300006549
300006748
300002485
300006548
300002490
300007161
300002491
300002492
300002493
300002495
300002507
300002504
300005872
300006838
300002510
300005854
300006834
300005516
300002514
300007276
300003129
300002587
300006885
300002611
300002622
300002613
300003590
300007511
300004327
300002977
300002671
300007087
300002736
300005548
300002726
300007397
300002727
300002728
300004772
300003720
300002731
300007062
300002732
300007450
300002733
300002734
300005334
300005337
300003676
300002768
300007304
300004771
300003715
300007540
300003716
300003700
300007728
300006475
300003685
300002887
300006938
300006944
300002801
300007040
300002807
300002808
300002809
300002829
300002886
300002845
300006995
300007176
300002825
300002847
300002842
300006934
300002849
300004484
300004493
300007563
300007434
300002864
300002865
300007433
300002877
300002892
300003074
300006943
300002950
300002961
300007010
300007011
300002962
300002963
300002964
300003893
300003778
300002976
300005157
300003777
300003019
300004587
300003750
300003264
300003035
300006866
300003801
300003173
300004672
300003061
300006316
300003070
300006749
300003080
300003091
300003284
300003288
300003097
300003110
300007487
300003997
300003117
300003134
300003131
300003132
300003144
300003167
300003168
300003247
300004665
300006114
300003193
300005965
300003202
300005050
300005063
300003218
300003219
300003220
300003235
300003728
300003292
300006240
300003253
300006455
300003263
300003268
300006847
300003514
300004402
300003309
300004960
300003313
300003314
300003315
300003322
300003329
300003359
300004671
300003386
300003387
300007478
300003392
300003433
300005962
300005633
300006282
300003509
300003521
300003591
300007466
300003593
300004086
300005626
300004071
300006148
300005218
300003668
300005222
300003659
300003655
300003682
300003683
300005469
300006634
300005454
300003690
300004677
300003710
300003724
300003723
300006792
300003733
300005359
300003737
300004740
300004589
300005171
300003757
300007666
300007669
300005158
300003803
300005817
300003805
300003814
300003820
300003822
300003823
300004629
300003861
300003862
300003865
300003886
300003877
300003866
300003879
300003868
300003873
300006191
300003882
300006192
300003895
300006727
300003898
300003902
300006244
300007496
300005339
300004028
300005646
300004168
300004137
300005129
300007411
300004184
300005543
300004212
300004329
300004330
300006488
300006872
300005398
300005397
300004337
300004352
300004354
300004377
300004724
300004410
300004411
300004417
300007358
300004429
300004428
300007357
300006774
300004454
300005775
300004472
300007183
300006931
300004481
300004485
300004482
300004486
300004487
300004529
300005362
300004607
300004558
300005308
300004569
300007251
300005471
300004608
300006409
300005192
300006113
300004662
300004661
300004668
300006777
300006309
300007541
300004809
300004829
300004834
300006474
300006303
300005112
300004928
300005131
300005124
300005067
300005070
300005116
300005127
300005120
300006343
300005159
300007162
300005196
300007344
300006225
300005267
300006236
300005547
300005299
300007124
300007774
300005363
300006895
300005414
300005641
300005453
300006410
300005840
300005531
300006685
300006137
300005598
300005599
300006651
300006456
300006886
300005680
300005681
300006476
300006477
300005685
300007550
300005993
300007551
300006576
300007078
300005844
300005866
300006832
300006027
300005927
300005949
300005947
300005966
300005969
300006340
300006773
300006358
300006353
300007421
300006066
300007195
300007196
300006437
300006285
300006131
300006130
300006167
300006736
300006201
300006639
300006212
300006217
300006220
300006232
300006769
300006291
300006339
300006896
300006378
300006369
300006387
300006738
300006388
300006390
300006392
300007106
300006397
300007681
300007107
300006414
300007494
300006436
300006529
300007416
300006687
300006542
300007522
300006916
300006615
300006618
300006610
300006951
300006609
300007034
300006627
300006645
300007202
300006646
300006724
300006737
300006756
300006753
300006759
300007418
300007417
300006867
300007389
300006779
300006800
300006868
300007386
300006925
300007259
300006997
300006976
300006970
300006971
300006972
300006980
300007360
300007620
300007063
300007018
300007257
300007361
300007458
300007114
300007545
300007218
300007473
300007267
300007271
300007282
300007288
300007285
300007284
300007338
300007387
300007447
300007514
300007603
300007520
300007443
300007444
300007445
300007485
300007684
300007676
300007617
300007622
300007787
300007788
300007743
300000005
300000009
300005420
300006858
300000019
300006005
300005932
300000022
300004288
300000023
300000024
300000025
300000026
300000027
300001067
300005057
300005056
300001068
300005119
300000045
300004370
300000047
300000048
300000640
300006209
300001799
300000057
300003214
300000062
300005682
300000065
300000066
300000067
300000068
300005600
300001282
300000166
300000082
300000084
300003955
300000087
300000088
300005678
300000096
300005123
300000105
300000381
300000106
300004156
300000107
300000108
300005562
300000111
300001906
300001520
300001272
300001787
300003500
300006256
300006657
300000124
300005324
300000126
300002624
300000127
300005875
300004644
300000131
300000197
300005575
300005978
300000134
300000135
300000145
300004741
300005581
300000147
300006821
300006139
300000148
300000663
300004072
300004087
300004460
300000153
300004088
300004077
300000155
300006918
300000159
300004069
300000160
300000161
300000163
300000164
300001439
300000168
300005785
300004876
300000176
300000179
300003533
300003317
300007531
300006458
300006729
300004366
300000195
300001384
300005964
300005118
300000202
300006035
300003932
300005023
300001309
300000245
300004415
300000246
300004420
300000247
300002169
300000249
300003689
300004424
300004418
300006947
300007027
300001325
300000266
300001344
300000267
300001228
300000271
300002253
300000272
300003920
300000274
300002403
300005431
300004097
300005568
300001914
300005567
300003840
300004625
300000350
300000351
300000287
300000289
300000291
300004103
300000293
300000294
300000295
300006010
300007740
300000353
300007739
300006440
300006110
300006111
300001986
300006057
300006012
300006442
300007082
300000308
300002389
300000309
300006924
300000312
300006919
300000313
300000326
300000337
300003488
300003482
300000345
300000356
300000359
300001506
300000361
300000362
300005725
300005714
300000366
300004680
300001508
300000823
300000369
300000371
300000372
300003487
300003485
300004686
300001591
300001783
300001927
300000394
300004841
300000405
300000398
300001038
300000401
300000406
300005003
300000410
300005386
300000655
300000411
300004393
300000420
300005284
300002311
300005288
300005485
300005287
300000427
300000429
300006081
300005661
300006219
300000432
300006399
300000440
300000457
300000459
300000460
300003838
300000467
300007436
300004791
300000477
300005784
300007155
300000482
300000496
300000483
300000488
300000484
300000485
300000486
300001428
300000487
300004527
300000494
300001414
300000495
300005783
300000505
300000510
300000507
300000508
300000511
300001119
300000514
300000515
300000520
300005107
300005018
300000526
300000527
300000528
300000529
300000530
300000531
300004525
300003311
300003162
300005208
300000562
300002087
300000563
300006260
300006337
300000567
300006275
300000573
300000574
300001405
300000575
300000576
300000577
300003687
300006720
300005291
300005193
300005194
300000598
300006122
300004657
300000613
300007654
300000625
300000631
300000633
300000635
300000636
300000637
300004046
300004218
300000652
300004042
300005002
300005000
300005957
300002366
300000678
300003475
300000681
300000682
300000683
300000684
300004289
300000704
300001366
300000708
300005800
300005799
300000711
300006162
300006161
300000715
300004793
300002968
300000737
300000749
300000738
300002192
300000740
300005860
300000742
300000743
300000744
300005824
300005521
300005520
300005525
300000764
300005524
300000765
300005522
300000767
300004632
300004690
300000779
300005627
300006820
300005392
300005393
300005395
300000782
300003600
300004058
300000790
300000793
300000795
300002339
300000800
300000801
300006556
300006785
300006117
300000806
300006546
300006628
300000816
300006717
300006899
300000821
300003165
300003695
300000822
300006624
300000918
300004948
300006250
300006252
300001518
300003532
300004334
300006346
300005074
300003856
300000974
300004524
300004796
300001723
300000979
300002772
300000982
300000987
300005436
300000985
300000986
300005364
300006547
300004790
300001005
300006670
300004711
300003833
300001031
300001032
300001033
300005963
300001039
300002380
300005971
300001047
300003255
300006136
300006135
300004096
300003184
300001060
300005020
300001075
300003493
300001076
300001386
300003478
300003273
300001086
300005295
300005484
300002600
300005658
300001091
300002646
300003280
300001502
300001098
300004308
300004359
300001100
300006905
300004342
300004360
300004444
300003692
300004922
300004781
300004800
300001120
300005167
300004933
300003511
300006345
300006341
300007044
300001141
300001148
300001350
300005582
300006342
300006344
300001168
300005075
300001173
300002416
300001175
300006338
300002089
300001180
300005728
300001206
300001207
300002644
300001209
300002642
300001216
300001218
300001219
300004313
300001221
300001222
300005619
300001226
300005901
300001234
300003566
300005184
300001253
300006667
300003912
300006124
300001305
300002548
300007053
300005791
300001330
300001331
300004187
300004190
300001332
300004188
300005081
300001333
300001340
300005321
300004887
300001341
300001342
300003516
300001349
300005060
300001355
300003951
300002257
300001895
300005102
300001367
300005104
300001370
300005106
300005103
300006018
300006013
300001915
300001377
300002383
300001378
300001379
300003495
300001385
300003479
300004797
300001406
300001407
300001409
300001410
300004523
300001411
300001412
300001426
300001427
300002425
300005356
300001429
300006158
300001436
300007664
300001444
300001830
300003490
300001481
300001482
300001491
300001490
300006481
300005613
300005610
300002091
300001503
300005311
300001505
300003278
300005906
300001507
300003172
300002398
300001524
300004927
300001528
300005458
300001552
300001553
300002665
300005151
300001570
300001590
300006351
300006876
300001601
300005948
300001603
300006123
300005955
300005950
300006276
300001609
300004881
300006239
300001612
300001617
300006684
300001619
300001621
300006200
300007209
300001623
300001627
300006815
300001854
300001632
300005819
300005856
300001649
300005822
300005864
300006825
300005152
300006829
300006830
300006822
300002592
300004343
300004344
300005905
300005904
300006328
300004302
300006087
300001684
300006097
300004296
300001680
300001685
300006108
300006106
300006679
300001686
300004951
300004681
300001690
300007524
300001698
300006683
300003093
300003362
300001704
300001708
300001710
300001712
300002525
300001957
300004926
300002102
300006268
300006259
300006169
300006170
300001736
300004939
300006325
300006321
300005091
300001746
300005089
300006302
300001760
300002420
300001773
300001762
300007755
300007736
300007754
300001777
300001782
300006675
300006438
300006118
300001801
300003445
300004727
300003480
300001852
300005622
300001855
300001865
300001871
300005266
300003092
300001886
300006254
300001899
300006300
300002405
300003408
300001916
300007081
300001918
300005402
300006043
300005241
300001947
300004475
300005061
300005062
300003937
300002010
300002009
300002408
300001969
300005306
300001971
300002124
300003734
300001978
300006146
300004216
300001980
300006297
300001981
300006298
300004918
300004919
300001984
300004895
300004078
300005628
300001989
300001990
300001997
300005708
300002014
300002019
300002020
300006249
300004949
300002083
300002030
300004015
300002031
300005187
300004010
300002040
300002042
300002057
300002058
300002064
300004905
300004909
300004673
300002074
300002381
300004179
300002077
300003455
300004175
300004177
300002101
300002103
300002170
300005315
300002121
300004347
300006116
300005803
300005390
300003198
300004246
300002143
300006295
300002154
300002155
300002156
300004256
300006145
300002374
300004223
300002167
300005093
300007061
300002176
300005094
300002183
300005361
300004538
300002184
300004600
300004594
300002198
300002191
300005463
300005466
300006405
300002201
300002204
300002206
300005229
300006408
300002208
300002209
300007014
300006188
300002211
300005846
300002212
300003872
300002213
300003136
300003142
300006195
300002585
300005842
300007230
300005843
300007229
300007228
300002225
300002960
300003726
300002231
300005385
300002237
300004814
300006480
300004818
300002241
300002242
300003330
300002243
300002244
300002245
300003560
300002248
300002249
300002250
300003456
300003436
300002255
300002259
300002261
300002262
300002277
300002283
300004994
300006783
300002290
300002294
300006520
300002297
300004037
300004039
300004032
300002321
300006073
300003603
300004031
300002312
300005293
300005289
300005290
300005313
300005816
300002330
300002331
300002332
300004886
300003318
300002344
300005341
300002368
300004233
300002369
300007340
300002371
300004287
300002373
300002376
300004232
300004231
300002377
300002394
300002379
300004267
300002392
300006142
300002386
300002390
300006278
300004958
300004842
300002424
300004847
300007697
300002426
300002427
300002430
300004848
300002442
300002446
300002450
300002451
300002456
300003243
300002455
300005444
300002459
300002468
300006415
300002473
300006159
300005376
300004844
300004843
300002475
300004547
300005445
300002483
300002481
300003233
300005148
300002494
300002497
300002499
300005154
300002501
300002615
300005146
300005862
300007016
300005839
300005838
300003381
300003586
300002542
300002563
300002564
300006881
300002566
300003989
300002575
300002984
300002586
300002591
300005671
300002597
300007589
300002599
300002623
300005876
300004559
300004827
300004820
300002614
300005181
300002626
300002635
300002627
300002625
300002628
300002639
300004301
300002640
300002641
300005902
300002643
300002645
300005617
300005660
300002647
300002650
300003281
300003279
300002666
300007088
300007089
300007032
300002681
300005771
300002692
300002761
300002735
300006434
300002742
300003652
300002762
300002763
300002766
300005354
300002778
300003707
300002781
300003699
300002805
300002796
300006939
300006991
300002800
300002802
300003971
300002813
300002817
300007404
300002826
300006941
300002828
300006953
300002833
300003974
300002885
300002837
300002846
300002843
300002857
300007326
300003269
300002878
300002880
300002889
300007039
300002893
300002898
300002946
300002951
300002953
300005650
300003029
300002958
300003141
300002967
300002975
300002985
300006102
300004985
300003034
300006075
300006641
300003156
300006860
300004221
300003059
300003060
300003067
300006281
300004479
300003078
300006817
300005232
300003096
300003111
300003112
300003113
300003137
300003146
300003145
300004775
300004870
300003170
300003185
300003190
300006004
300006025
300003191
300005989
300003195
300005012
300005556
300003200
300003237
300003208
300005059
300003210
300005064
300003953
300007534
300007535
300007515
300003224
300005086
300005090
300004882
300005371
300006237
300003256
300005010
300005677
300003262
300004744
300004971
300005482
300005655
300003275
300003743
300003277
300005614
300005615
300004401
300003290
300003291
300003294
300003382
300003394
300003319
300003316
300006775
300003323
300003324
300004835
300003697
300004751
300003554
300007780
300003354
300004906
300003389
300003435
300003390
300006248
300005480
300005319
300005320
300003393
300005322
300003395
300003484
300005422
300003407
300003412
300007580
300003428
300005153
300003421
300003422
300003427
300004884
300003443
300003462
300004747
300003447
300003451
300003452
300003453
300003454
300003459
300003468
300003471
300005572
300003499
300003497
300003505
300003510
300004954
300003513
300003696
300003515
300003517
300003542
300003528
300006674
300005041
300003546
300003547
300003549
300003563
300003553
300003556
300003555
300003557
300003559
300003562
300003558
300006296
300003568
300007691
300003570
300003595
300003597
300003598
300004264
300003599
300004049
300003642
300005111
300003686
300003647
300005867
300003667
300003669
300005442
300003672
300004602
300005450
300003677
300005441
300005215
300005468
300003708
300003694
300004930
300003698
300003705
300005105
300004440
300007050
300007362
300006692
300003739
300003745
300004742
300003747
300004784
300004774
300003751
300005172
300003758
300003760
300003767
300005879
300006234
300003802
300003849
300003804
300003824
300005666
300004678
300003808
300003811
300005275
300005674
300003860
300005669
300003826
300003827
300003828
300003829
300003830
300003859
300003841
300003843
300003845
300003852
300003850
300003851
300003864
300007006
300005845
300003888
300007007
300006790
300006927
300003914
300003916
300005309
300003933
300004473
300003936
300003952
300005036
300003954
300004134
300004466
300003956
300003984
300003986
300003987
300006425
300005340
300004012
300004013
300004022
300006523
300004041
300004043
300004045
300004371
300004050
300004898
300004052
300004066
300004054
300004055
300004057
300004082
300006143
300004067
300004891
300004093
300004123
300004106
300006011
300005999
300004109
300004113
300004465
300004135
300005956
300004139
300004155
300005022
300005128
300006665
300004158
300005593
300004159
300006352
300004161
300005130
300004163
300005796
300004164
300006347
300007414
300004178
300004186
300004189
300005077
300006166
300006171
300005087
300004198
300004259
300004199
300004201
300004202
300004215
300005497
300005496
300006120
300004219
300004220
300004271
300004222
300004230
300004224
300004225
300004226
300004227
300004228
300004240
300004255
300005960
300004512
300004266
300004261
300005990
300004269
300005399
300006140
300004297
300004300
300005383
300004324
300004305
300006484
300004349
300004336
300006517
300004333
300004340
300006902
300004355
300004351
300006875
300004353
300005652
300006090
300004367
300004709
300004379
300004390
300004815
300004817
300004395
300004396
300006308
300004397
300004403
300004404
300004405
300005970
300004425
300004416
300005798
300005602
300004445
300006163
300004422
300004427
300004455
300004464
300005425
300004468
300004467
300006644
300004474
300005996
300006649
300004480
300004483
300004748
300004753
300004799
300005780
300004545
300004531
300004532
300004534
300005367
300004557
300006457
300004803
300004925
300004597
300004601
300004603
300005230
300004605
300006404
300004634
300004688
300004628
300005408
300004633
300006696
300004635
300004636
300004694
300004639
300004693
300004648
300004653
300005424
300004656
300006859
300006112
300004684
300006700
300004692
300004698
300004702
300004705
300005675
300006482
300006310
300004714
300004717
300006483
300004720
300004723
300004739
300004745
300004746
300004760
300004924
300004920
300004798
300004802
300005323
300004812
300004813
300004822
300004821
300005477
300004832
300004838
300005878
300004837
300004836
300005384
300005892
300004850
300004868
300004894
300004902
300004904
300004907
300004910
300004912
300005490
300004934
300004984
300004987
300004991
300004999
300005001
300005004
300005021
300006850
300005049
300005054
300005058
300005066
300005072
300005076
300005797
300005082
300006168
300005083
300005085
300005084
300005095
300005109
300005097
300006160
300005099
300006319
300005110
300005113
300006653
300006656
300005115
300005939
300006650
300005125
300005794
300005143
300005147
300005144
300005165
300005166
300005183
300005191
300007004
300005195
300005281
300005205
300005206
300006103
300005271
300005276
300005279
300005282
300005317
300006522
300005335
300005333
300005331
300005336
300007779
300007301
300005352
300005357
300005366
300005375
300006155
300005379
300005382
300006147
300005640
300005411
300006435
300005416
300005423
300005475
300005446
300005443
300006406
300005467
300005459
300005465
300005470
300005474
300005495
300005498
300005506
300005507
300005510
300005849
300005820
300005526
300005527
300006119
300005566
300005789
300005576
300006287
300005597
300005603
300005612
300005802
300005616
300005690
300006312
300006904
300005654
300006908
300005664
300005668
300006089
300005676
300005985
300005679
300006017
300005686
300006002
300005719
300005716
300005720
300005767
300007639
300005769
300005770
300005778
300005779
300005795
300005858
300005841
300005847
300005848
300007017
300005857
300005861
300005889
300005910
300005940
300005915
300005926
300005918
300005933
300005921
300005925
300005938
300005928
300005944
300005929
300005930
300005931
300005941
300005946
300005942
300005953
300005945
300007291
300006141
300005998
300006007
300006008
300006024
300006020
300006015
300006026
300006052
300006053
300006439
300006072
300006074
300006083
300006926
300006096
300006235
300006109
300006676
300006115
300006125
300006149
300006150
300006648
300006156
300006178
300007013
300007012
300006184
300006187
300006186
300007015
300006189
300006814
300006203
300006204
300006205
300006366
300006218
300006734
300006215
300006216
300006223
300006221
300006752
300006233
300006263
300006284
300006294
300006698
300006323
300006335
300006336
300007047
300006349
300006359
300006371
300006374
300006375
300006377
300006389
300006391
300007104
300006725
300007101
300006427
300007483
300006552
300006922
300006923
300006574
300006588
300006605
300006630
300006616
300006620
300007036
300006636
300006652
300006728
300007009
300006739
300006755
300007109
300007239
300006801
300007548
300006888
300007084
300006979
300006942
300006978
300006966
300006986
300007245
300006996
300007621
300006999
300007616
300007615
300007008
300007051
300007083
300007095
300007098
300007100
300007462
300007128
300007753
300007219
300007226
300007237
300007249
300007241
300007262
300007266
300007312
300007778
300007318
300007328
300007329
300007353
300007354
300007484
300007359
300007400
300007399
300007437
300007438
300007439
300007441
300007604
300007446
300007519
300007500
300007518
300007501
300007510
300007502
300007503
300007504
300007505
300007506
300007507
300007508
300007509
300007611
300007618
300007623
300007625
300007735
300007786
300000002
300003405
300004399
300005514
300000011
300000014
300000017
300006126
300000020
300000028
300001064
300001066
300000054
300006642
300000064
300000080
300000081
300006286
300000083
300004151
300000392
300004469
300005117
300000110
300007242
300000113
300001521
300000121
300000123
300000125
300000129
300005417
300000130
300000136
300000150
300000151
300000158
300003999
300000167
300006301
300000174
300000175
300000177
300003534
300000185
300000186
300004897
300004896
300004773
300000194
300000199
300000201
300000232
300000234
300000235
300000236
300007401
300007645
300000242
300000243
300000251
300000254
300000255
300000257
300001303
300000262
300000263
300003152
300002229
300004590
300000269
300007696
300000270
300000282
300000283
300000458
300000285
300000286
300005252
300005251
300000288
300007120
300007121
300000290
300000296
300001390
300000301
300002069
300000325
300000327
300000328
300000333
300000334
300000335
300000336
300000338
300000341
300003481
300000342
300000343
300001517
300006515
300000346
300000347
300000348
300004640
300000352
300000355
300000358
300000824
300000368
300000370
300000384
300004580
300000376
300004687
300001594
300000386
300000389
300005983
300000390
300000395
300000404
300000437
300005201
300000807
300000408
300000414
300000418
300005651
300000422
300000425
300000428
300006213
300000435
300000436
300000438
300000442
300006793
300000444
300000448
300000451
300000449
300000450
300000453
300000535
300000454
300004736
300004735
300000475
300000489
300004880
300000512
300000517
300004947
300000519
300003216
300007451
300000525
300000532
300000556
300006265
300000565
300005080
300000566
300000571
300000568
300000570
300000585
300000592
300003836
300000601
300000604
300000612
300003583
300000614
300000616
300000617
300004461
300000618
300000619
300000620
300004171
300003959
300000630
300000649
300000650
300000673
300000674
300000680
300000686
300006127
300000687
300005573
300000697
300000707
300004789
300007442
300007596
300000718
300000723
300000725
300000726
300000728
300000731
300002664
300000733
300003776
300000759
300006661
300007289
300000770
300007741
300000771
300000772
300000773
300000777
300000776
300001335
300007405
300000787
300000792
300002338
300000794
300000804
300001190
300007356
300002239
300000812
300007000
300000815
300007038
300002342
300000896
300000910
300000911
300002017
300002013
300000941
300000967
300000970
300000976
300005219
300000977
300000983
300000995
300001010
300001035
300001036
300001040
300001042
300006133
300001065
300001071
300001080
300001081
300001101
300001103
300001104
300001108
300003620
300001111
300002407
300004883
300001121
300001123
300001133
300001138
300001140
300001142
300005724
300001147
300007383
300001152
300005727
300001153
300001161
300001167
300002088
300002044
300001176
300001179
300001181
300001184
300001185
300001186
300005609
300001239
300001240
300007130
300001257
300001259
300001274
300001276
300001278
300001288
300001289
300001290
300001291
300001443
300001307
300001318
300001321
300005763
300001322
300001323
300005069
300001324
300001336
300001338
300003923
300003925
300005176
300002870
300007581
300001361
300001364
300001365
300001369
300001383
300001391
300002164
300001404
300002658
300007517
300001435
300001437
300001483
300001484
300001492
300001496
300001499
300001900
300007211
300001512
300002240
300007482
300001912
300006288
300001522
300001523
300001526
300001529
300004579
300004582
300001531
300001534
300001535
300001539
300001541
300007709
300001542
300001544
300001545
300001546
300001548
300001549
300001567
300006242
300001588
300001593
300001595
300001598
300005937
300001605
300001853
300006280
300001610
300001613
300001615
300001618
300006033
300001622
300001624
300007298
300006813
300001628
300001630
300006196
300001636
300001637
300001638
300001657
300003431
300001641
300001642
300007530
300001643
300001647
300001650
300001651
300006823
300001658
300001659
300001660
300001667
300001669
300001675
300001881
300007791
300001691
300001696
300002404
300001699
300001700
300006761
300002713
300002712
300001707
300006760
300002095
300001724
300001735
300004932
300001749
300001759
300001775
300001774
300007734
300007757
300006711
300001778
300007756
300001779
300003340
300002006
300001786
300007255
300001795
300001797
300007710
300001803
300001905
300003442
300006068
300001859
300001860
300001864
300001868
300006680
300001884
300001909
300003502
300001892
300001893
300001898
300001901
300001902
300001903
300001907
300006920
300001919
300001920
300001921
300001926
300001936
300007347
300006104
300001955
300001959
300001962
300001960
300001963
300005409
300001965
300005410
300001968
300001983
300005396
300002081
300001988
300007432
300002023
300002007
300002008
300004502
300004504
300002025
300002027
300007205
300002028
300003049
300002029
300007204
300002034
300002035
300002037
300003965
300002039
300002043
300002051
300002066
300002071
300002075
300004180
300002078
300005492
300007074
300007073
300002111
300002112
300002113
300002117
300005833
300002128
300003196
300002135
300002137
300007406
300002140
300002141
300002142
300003712
300002149
300002152
300002160
300002163
300002166
300003641
300002177
300002182
300007716
300002193
300002194
300002195
300007714
300002202
300002203
300002207
300005863
300006828
300005643
300002219
300002221
300002222
300002226
300006194
300002227
300003228
300005903
300002247
300002252
300002256
300002260
300002406
300002267
300002270
300002273
300006460
300003159
300002276
300002285
300002289
300002291
300004375
300004365
300007749
300003148
300002298
300004038
300002302
300007748
300006080
300002322
300002323
300002341
300005988
300002349
300002353
300002357
300002358
300002359
300002360
300002362
300005015
300002395
300002396
300006257
300002417
300004503
300007732
300006766
300003122
300003240
300003244
300002452
300005227
300007533
300002457
300006892
300002467
300002476
300002477
300007532
300002486
300003234
300002498
300005868
300002508
300006833
300002519
300007194
300002520
300002522
300003587
300002539
300003154
300007759
300002543
300007610
300002549
300006882
300002568
300002970
300002969
300002579
300007475
300002588
300002598
300002602
300003844
300005163
300002610
300002636
300002648
300002660
300002661
300002662
300007022
300002678
300002679
300003621
300002683
300005762
300002684
300002689
300007751
300002746
300005253
300002724
300002725
300003631
300002737
300002914
300002739
300002747
300002750
300002752
300002764
300007771
300002765
300007174
300005885
300002929
300002770
300002771
300007729
300002779
300002785
300002786
300002788
300002791
300002792
300002793
300002794
300002804
300002803
300002818
300002819
300003155
300002820
300002879
300002821
300002822
300002824
300003967
300002830
300006954
300002888
300002852
300003977
300003975
300002854
300007181
300002861
300007565
300002862
300007435
300002869
300002867
300002871
300002874
300002873
300002876
300002894
300002895
300007178
300002899
300002902
300002903
300002904
300007333
300002928
300002944
300002945
300002947
300007582
300007793
300002965
300002966
300002973
300002979
300002986
300002996
300002998
300005186
300003027
300003028
300003030
300004990
300005292
300003032
300003033
300006079
300003041
300003042
300003800
300007665
300003045
300003046
300005493
300005542
300003057
300003058
300003071
300003073
300006362
300003082
300003083
300003087
300003088
300003095
300003099
300003098
300003107
300003252
300003108
300003115
300003128
300003147
300003138
300007244
300003139
300004029
300003143
300004967
300004936
300007577
300004935
300007125
300003174
300004075
300003201
300003209
300003215
300003217
300003221
300003222
300003508
300006165
300003227
300007680
300003236
300003242
300003731
300006890
300005726
300003741
300003267
300003271
300004291
300003285
300006100
300003286
300007323
300003289
300003293
300003300
300004959
300003321
300003349
300006432
300006765
300006431
300003588
300005189
300003360
300004899
300005546
300005545
300003385
300007479
300003391
300004855
300003400
300003401
300003403
300003404
300004217
300003416
300003425
300003429
300003430
300007738
300004462
300005959
300003467
300003483
300003492
300003494
300003498
300003504
300003928
300003550
300003552
300004861
300003565
300003569
300003573
300003578
300003589
300003592
300007407
300003622
300003616
300003633
300003634
300003643
300003645
300007650
300007772
300003649
300003653
300003673
300006879
300003662
300003665
300005440
300003680
300006326
300003693
300003702
300003703
300003706
300003713
300003717
300007671
300003722
300006791
300003727
300003730
300003729
300003732
300005355
300003753
300003755
300003756
300003759
300007668
300003764
300003766
300003770
300007539
300003768
300003771
300003774
300003773
300003779
300003780
300003781
300003782
300006658
300003815
300003821
300005298
300004623
300005316
300003857
300006901
300003863
300003891
300003871
300003887
300003880
300003881
300003889
300003890
300003876
300003884
300003885
300003900
300003894
300003896
300003901
300003907
300004332
300003924
300005694
300005693
300006478
300003962
300003969
300003979
300006993
300003981
300007254
300003983
300003988
300003991
300003992
300007492
300007493
300007490
300007491
300003996
300004000
300004001
300004007
300004011
300005649
300005648
300004726
300004728
300004730
300004729
300004068
300004094
300004095
300005692
300004145
300005570
300004170
300004183
300006842
300004200
300004203
300004206
300004207
300004210
300004211
300005500
300005503
300004214
300004229
300004274
300004279
300004247
300004248
300004270
300004272
300004284
300005486
300004303
300004319
300004321
300004325
300004335
300004338
300004341
300006907
300006874
300007096
300004358
300004368
300004374
300004725
300004641
300004382
300005629
300006315
300006672
300004452
300004471
300007746
300004488
300004528
300005435
300005437
300004553
300004877
300004554
300004583
300004586
300004591
300004606
300007355
300005472
300004609
300004610
300004627
300004630
300004647
300004650
300004652
300004679
300004683
300006331
300007795
300004732
300004734
300007415
300004749
300004752
300004757
300004759
300004765
300004768
300004770
300005584
300004794
300004801
300004806
300004845
300004846
300004856
300005019
300004867
300004929
300004879
300004892
300004900
300004908
300004914
300004940
300007481
300004955
300004956
300004970
300004969
300004983
300004986
300005294
300006525
300006526
300004993
300005025
300005053
300005055
300007724
300007725
300007212
300006164
300005126
300005136
300005169
300007647
300005174
300006909
300007586
300006423
300005228
300005231
300005233
300005234
300007602
300005240
300005239
300006400
300005238
300005270
300005305
300005307
300005327
300005329
300005344
300005338
300007148
300005346
300005350
300005351
300005368
300005360
300005365
300007717
300006317
300005591
300005413
300006401
300006861
300005427
300005434
300005464
300007057
300005494
300005499
300005504
300005512
300005508
300005509
300005511
300005528
300007711
300007558
300005533
300005532
300005534
300005535
300005551
300005565
300005564
300005639
300005631
300006307
300006246
300006245
300006094
300005670
300005672
300006036
300005683
300005684
300005687
300005689
300005698
300005699
300005700
300005712
300005713
300005733
300007393
300005742
300005743
300005744
300005754
300005755
300005759
300005760
300005761
300005790
300005788
300005813
300005814
300005827
300006836
300005870
300005871
300005881
300006445
300007363
300005943
300007655
300005991
300005992
300007513
300005994
300005995
300006032
300006041
300006063
300007197
300006894
300006071
300006084
300006085
300006093
300006099
300006241
300006839
300007648
300007649
300006134
300007790
300007256
300006144
300006179
300006180
300006181
300007694
300006198
300007747
300006732
300006808
300006751
300006810
300006224
300006865
300006290
300006797
300006306
300006313
300006912
300006355
300006356
300006360
300006762
300006376
300007097
300007408
300006402
300006403
300006413
300006424
300006746
300006745
300006428
300006429
300006433
300007776
300006446
300006450
300006452
300006453
300006479
300006550
300006906
300007380
300006528
300006530
300006540
300006541
300006543
300006545
300007693
300006553
300006558
300006557
300007690
300006565
300006575
300006577
300006578
300006579
300006589
300006590
300006591
300006592
300006593
300006596
300006597
300006598
300006948
300006619
300006622
300006623
300006626
300007001
300006632
300006633
300006635
300006638
300007695
300006640
300007792
300006681
300007646
300006840
300007575
300007576
300006691
300006694
300007469
300006715
300007644
300006723
300007468
300007203
300006744
300007554
300006747
300006750
300006754
300007144
300007143
300007127
300007046
300006778
300006795
300006794
300006784
300006789
300006804
300006802
300007712
300006818
300006819
300006831
300006837
300006843
300007512
300007465
300006848
300006891
300007643
300006989
300006952
300006928
300006929
300007452
300007043
300006936
300006946
300006950
300006958
300007593
300006959
300006962
300006963
300006967
300006968
300006973
300006984
300006985
300007636
300007060
300007260
300006998
300007002
300007794
300007020
300007019
300007030
300007243
300007041
300007042
300007206
300007132
300007094
300007527
300007607
300007105
300007108
300007111
300007112
300007113
300007115
300007583
300007123
300007641
300007129
300007131
300007150
300007153
300007152
300007523
300007160
300007164
300007171
300007177
300007453
300007549
300007200
300007773
300007220
300007594
300007250
300007663
300007265
300007269
300007275
300007274
300007273
300007761
300007390
300007280
300007286
300007287
300007292
300007294
300007300
300007296
300007299
300007302
300007305
300007538
300007430
300007429
300007334
300007336
300007337
300007769
300007770
300007342
300007783
300007346
300007637
300007777
300007388
300007395
300007679
300007403
300007409
300007410
300007413
300007412
300007419
300007470
300007440
300007449
300007456
300007457
300007461
300007464
300007486
300007489
300007495
300007498
300007516
300007525
300007529
300007652
300007555
300007543
300007546
300007553
300007590
300007592
300007564
300007573
300007574
300007584
300007585
300007605
300007760
300007762
300007612
300007613
300007624
300007633
300007634
300007632
300007631
300007629
300007630
300007640
300007692
300007667
300007670
300007672
300007675
300007674
300007678
300007677
300007682
300007683
300007685
300007721
300007722
300007726
300007727
300007742
300007745
300007744
300007764
300007765
300007767
300007785
300007789
