900000029
900000010
900001375
900000055
900003207
900003520
900006064
900001873
900002190
900006722
900003350
900004704
900005330
900003055
900004916
900005642
900005235
900005596
900001134
900000189
900005688
900000302
900007198
900000310
900003177
900004968
900000367
900001688
900001687
900000808
900002115
900000441
900000443
900001728
900002397
900002175
900002180
900000717
900001761
900001006
900001052
900001991
900002120
900001097
900006671
900001296
900006772
900007201
900001343
900003079
900001494
900001606
900003254
900001625
900003415
900001666
900006095
900001679
900001683
900006128
900002185
900002305
900002437
900002438
900002441
900002445
900002449
900002461
900002470
900003109
900002569
900003130
900003126
900007526
900002774
900007566
900005242
900003212
900003257
900006334
900006741
900006311
900004710
900004498
900006554
900006354
900001530
900000006
900006154
900003054
900001114
900000018
900001785
900000200
900007003
900000085
900001516
900005236
900000118
900002489
900000603
900001937
900006101
900001944
900001945
900001682
900002072
900004697
900004146
900003166
900001716
900001117
900000172
900001260
900001693
900004457
900001353
900000229
900006988
900006601
900000230
900007029
900007028
900000231
900007037
900006603
900000233
900007031
900003718
900002340
900000798
900000827
900007033
900000260
900000261
900003265
900005207
900007199
900000306
900000307
900005977
900001956
900000340
900001049
900001939
900001171
900000378
900000379
900000407
900000409
900002325
900002601
900000430
900006743
900002488
900000480
900003575
900000491
900000516
900001513
900000533
900002682
900001608
900003223
900000595
900000596
900000602
900000622
900000623
900003266
900000730
900000727
900000732
900002509
900005530
900000788
900006614
900000797
900006898
900000828
900000796
900006604
900000810
900007035
900000830
900002016
900000921
900000939
900002776
900006846
900004701
900001009
900004700
900001034
900002144
900001041
900002343
900001611
900005976
900001089
900001096
900003736
900001665
900001105
900004449
900001112
900001113
900006277
900003522
900003535
900001177
900001954
900002844
900002851
900002891
900001252
900002327
900001256
900001297
900006647
900005122
900006608
900006607
900001328
900001329
900001908
900003211
900003238
900001354
900005068
900002773
900001620
900001487
900002038
900001493
900002238
900002232
900002085
900006857
900001514
900001694
900003320
900002275
900002269
900001607
900004182
900006228
900007297
900007295
900003413
900001640
900003410
900003897
900003875
900001652
900001655
900001656
900003426
900001676
900001681
900001872
900003287
900001703
900001709
900001706
900003519
900001742
900004864
900002421
900001764
900001792
900002070
900001858
900006889
900001896
900001943
900001948
900005517
900002513
900001973
900002860
900002052
900002084
900003365
900002053
900002062
900002054
900004903
900005544
900002059
900002063
900002068
900003366
900002067
900003367
900003053
900002114
900002118
900002127
900002129
900002151
900002133
900005625
900006776
900003197
900002188
900002186
900002189
900005865
900005880
900002299
900002266
900002300
900002307
900002952
900004863
900002691
900007528
900002723
900006333
900002401
900006767
900002431
900002436
900002440
900003661
900003241
900002444
900002448
900007766
900002460
900002480
900002472
900002608
900002500
900002506
900002503
900002502
900002505
900002567
900002609
900002612
900002978
900007231
900002672
900002673
900005774
900007396
900002729
900003725
900002730
900003721
900007542
900002769
900002775
900002780
900002799
900002795
900002806
900002832
900002835
900002884
900002797
900002798
900006994
900002810
900002831
900002811
900002834
900002812
900002836
900002814
900002838
900002815
900002839
900002848
900002827
900006940
900006992
900002840
900002841
900002890
900002850
900002858
900002859
900002863
900002866
900002872
900002897
900007272
900007335
900006735
900007225
900003031
900003043
900003044
900006637
900004911
900006757
900003081
900003127
900003118
900003133
900003119
900003124
900003125
900003120
900003765
900003192
900003239
900003248
900003250
900003249
900006129
900006138
900004966
900006176
900007138
900005515
900007474
900007556
900003418
900003420
900003601
900004061
900003646
900003666
900003648
900003654
900003670
900003990
900007488
900003754
900003772
900005318
900004703
900003878
900003867
900003874
900003883
900004476
900003993
900003994
900007497
900003995
900005563
900006726
900006293
900005637
900004499
900007448
900004546
900004626
900004707
900004708
900004766
900007341
900004778
900004901
900004913
900005986
900005914
900007422
900007423
900006226
900005328
900007317
900005332
900007521
900006070
900005529
900007559
900006231
900006631
900005997
900006001
900006663
900006065
900006082
900006202
900006222
900007102
900006332
900006740
900006357
900006844
900006393
900006398
900006768
900006613
900006599
900006606
900006612
900006949
900006677
900006611
900006629
900006625
900007103
900007385
900006969
900006945
900006977
900006975
900006974
900007246
900007052
900007303
900007240
900007628
900007283
900007293
900007673
900007619
900007626
900007627
900000003
900000004
900005580
900000007
900005175
900004810
900004811
900000344
900003501
900006361
900000030
900006730
900006731
900000031
900000046
900002236
900006208
900000056
900003711
900000063
900000079
900000086
900006305
900000104
900005638
900006283
900000114
900000115
900000116
900000117
900000433
900001277
900000119
900006289
900007156
900000128
900004658
900005418
900000132
900003245
900003246
900003206
900002079
900000152
900005980
900000165
900000434
900007588
900000169
900000170
900000171
900000173
900004776
900003531
900001737
900000187
900000188
900000196
900005974
900000198
900000204
900001357
900000228
900006897
900007021
900007023
900007079
900007175
900007024
900007025
900007026
900000237
900000832
900000833
900000238
900000831
900000241
900007402
900003719
900004453
900002674
900000248
900000250
900006932
900000258
900000259
900000814
900000825
900007343
900000264
900002230
900001810
900001812
900001811
900000273
900002251
900006304
900000279
900000280
900004577
900000281
900003806
900000284
900000385
900006869
900006770
900000292
900004122
900000299
900000303
900006877
900000304
900000305
900000311
900001376
900006921
900006050
900000314
900006105
900006771
900004085
900004696
900000339
900004283
900000357
900006238
900000360
900001941
900000375
900000377
900000380
900003525
900001515
900001925
900001809
900000393
900004839
900000396
900002139
900000397
900004285
900003842
900005297
900005662
900005850
900000426
900002324
900000431
900007651
900005595
900006527
900006781
900000698
900006782
900000699
900000690
900004713
900000478
900000479
900003332
900000490
900001538
900001537
900000518
900004946
900000523
900000524
900000534
900000554
900000555
900003614
900000572
900000593
900000597
900005826
900000594
900002116
900003812
900002122
900004674
900004667
900001793
900007653
900002086
900004293
900004805
900004294
900000632
900000634
900004409
900006780
900000710
900000716
900007763
900000724
900000729
900007227
900001557
900005142
900000739
900002511
900000741
900000745
900005179
900003660
900000762
900002292
900000774
900007591
900007560
900000775
900000780
900000783
900000786
900000784
900000785
900002138
900000826
900006600
900006714
900006555
900000802
900005005
900007796
900005663
900006864
900000809
900000813
900000811
900000829
900006933
900006595
900005747
900000923
900002418
900000925
900000926
900001889
900005180
900007056
900000968
900000969
900002187
900004675
900004712
900001008
900001007
900004676
900004699
900004406
900004407
900004408
900003199
900005968
900005967
900005634
900005632
900005636
900006243
900005065
900006350
900001069
900006348
900001070
900001072
900001073
900005975
900001090
900006887
900003748
900003018
900005170
900003749
900004588
900001102
900004572
900004443
900001106
900004448
900003714
900001115
900003169
900004872
900001527
900002400
900001139
900005071
900002875
900001154
900007552
900002414
900001169
900001170
900001172
900002415
900003213
900001195
900002286
900002288
900001208
900006871
900006487
900004328
900001210
900001225
900001211
900006486
900001217
900006485
900001220
900005483
900004174
900002301
900001251
900005310
900002607
900004888
900004570
900001254
900001258
900001255
900006666
900004795
900003931
900003930
900001345
900003270
900001346
900003934
900004581
900003917
900005121
900001298
900006716
900001326
900006491
900005776
900001500
900003913
900002402
900003579
900004585
900001347
900001348
900001351
900001352
900006535
900007463
900003251
900001356
900001362
900001363
900003225
900001374
900003178
900001392
900006673
900007698
900001408
900002777
900001413
900003701
900005358
900006227
900005243
900003075
900003076
900001438
900003077
900001485
900001788
900001486
900001498
900005539
900001488
900001497
900001489
900003961
900002036
900001495
900001789
900001501
900003276
900001504
900001509
900005541
900001536
900003171
900005579
900001695
900003157
900001897
900003161
900002268
900001551
900003671
900006407
900001556
900005853
900003530
900003524
900001599
900003545
900001614
900006662
900004181
900001940
900007277
900001626
900006742
900001631
900001633
900001634
900003414
900007737
900003899
900002512
900003419
900002669
900003423
900003411
900002293
900006329
900006292
900003175
900001677
900001678
900004295
900006686
900001972
900002719
900001701
900001702
900001705
900001711
900001726
900001729
900004191
900001763
900007172
900001767
900001776
900001800
900006812
900001802
900006803
900004808
900001913
900006040
900003176
900001883
900001888
900001890
900006514
900005429
900002271
900003158
900003160
900002272
900006039
900007424
900005237
900006841
900001938
900001942
900006107
900007659
900005173
900001958
900001961
900001964
900001970
900004458
900004378
900005391
900001982
900005621
900001985
900002015
900004950
900002022
900002018
900002021
900004014
900002041
900002061
900002055
900002060
900002056
900005491
900003056
900006862
900002065
900005505
900006845
900006042
900005415
900005635
900002076
900006799
900002080
900002168
900003709
900002123
900005197
900007472
900002119
900007476
900007477
900006884
900002125
900002126
900003204
900002130
900002134
900002131
900002132
900002148
900005691
900004234
900004280
900003474
900002145
900004733
900002146
900002147
900004047
900002150
900003205
900003203
900002153
900006870
900002161
900003551
900003688
900003691
900006324
900002181
900005088
900007471
900007547
900003594
900005476
900007715
900002200
900002199
900002197
900007713
900007544
900002205
900002668
900002667
900002210
900006544
900003869
900003870
900002214
900002215
900002218
900007384
900006193
900002233
900002235
900004044
900002246
900002274
900002265
900002264
900002284
900006086
900002287
900006314
900006910
900007093
900006719
900002295
900002304
900002296
900006516
900002303
900006521
900002320
900002306
900002308
900002309
900002310
900002326
900002328
900002329
900005583
900003310
900002690
900002693
900007184
900007398
900005403
900002385
900005601
900003194
900002399
900003312
900005168
900005161
900002419
900002422
900007730
900002423
900007420
900002474
900002465
900002435
900002439
900003123
900003135
900003121
900002443
900002447
900002453
900002454
900002458
900002482
900002479
900002462
900002487
900002466
900002469
900002484
900002471
900006549
900006748
900002485
900006548
900002490
900007161
900002491
900002492
900002493
900002495
900002507
900002504
900005872
900006838
900002510
900005854
900006834
900005516
900002514
900007276
900003129
900002587
900006885
900002611
900002622
900002613
900003590
900007511
900004327
900002977
900002671
900007087
900002736
900005548
900002726
900007397
900002727
900002728
900004772
900003720
900002731
900007062
900002732
900007450
900002733
900002734
900005334
900005337
900003676
900002768
900007304
900004771
900003715
900007540
900003716
900003700
900007728
900006475
900003685
900002887
900006938
900006944
900002801
900007040
900002807
900002808
900002809
900002829
900002886
900002845
900006995
900007176
900002825
900002847
900002842
900006934
900002849
900004484
900004493
900007563
900007434
900002864
900002865
900007433
900002877
900002892
900003074
900006943
900002950
900002961
900007010
900007011
900002962
900002963
900002964
900003893
900003778
900002976
900005157
900003777
900003019
900004587
900003750
900003264
900003035
900006866
900003801
900003173
900004672
900003061
900006316
900003070
900006749
900003080
900003091
900003284
900003288
900003097
900003110
900007487
900003997
900003117
900003134
900003131
900003132
900003144
900003167
900003168
900003247
900004665
900006114
900003193
900005965
900003202
900005050
900005063
900003218
900003219
900003220
900003235
900003728
900003292
900006240
900003253
900006455
900003263
900003268
900006847
900003514
900004402
900003309
900004960
900003313
900003314
900003315
900003322
900003329
900003359
900004671
900003386
900003387
900007478
900003392
900003433
900005962
900005633
900006282
900003509
900003521
900003591
900007466
900003593
900004086
900005626
900004071
900006148
900005218
900003668
900005222
900003659
900003655
900003682
900003683
900005469
900006634
900005454
900003690
900004677
900003710
900003724
900003723
900006792
900003733
900005359
900003737
900004740
900004589
900005171
900003757
900007666
900007669
900005158
900003803
900005817
900003805
900003814
900003820
900003822
900003823
900004629
900003861
900003862
900003865
900003886
900003877
900003866
900003879
900003868
900003873
900006191
900003882
900006192
900003895
900006727
900003898
900003902
900006244
900007496
900005339
900004028
900005646
900004168
900004137
900005129
900007411
900004184
900005543
900004212
900004329
900004330
900006488
900006872
900005398
900005397
900004337
900004352
900004354
900004377
900004724
900004410
900004411
900004417
900007358
900004429
900004428
900007357
900006774
900004454
900005775
900004472
900007183
900006931
900004481
900004485
900004482
900004486
900004487
900004529
900005362
900004607
900004558
900005308
900004569
900007251
900005471
900004608
900006409
900005192
900006113
900004662
900004661
900004668
900006777
900006309
900007541
900004809
900004829
900004834
900006474
900006303
900005112
900004928
900005131
900005124
900005067
900005070
900005116
900005127
900005120
900006343
900005159
900007162
900005196
900007344
900006225
900005267
900006236
900005547
900005299
900007124
900007774
900005363
900006895
900005414
900005641
900005453
900006410
900005840
900005531
900006685
900006137
900005598
900005599
900006651
900006456
900006886
900005680
900005681
900006476
900006477
900005685
900007550
900005993
900007551
900006576
900007078
900005844
900005866
900006832
900006027
900005927
900005949
900005947
900005966
900005969
900006340
900006773
900006358
900006353
900007421
900006066
900007195
900007196
900006437
900006285
900006131
900006130
900006167
900006736
900006201
900006639
900006212
900006217
900006220
900006232
900006769
900006291
900006339
900006896
900006378
900006369
900006387
900006738
900006388
900006390
900006392
900007106
900006397
900007681
900007107
900006414
900007494
900006436
900006529
900007416
900006687
900006542
900007522
900006916
900006615
900006618
900006610
900006951
900006609
900007034
900006627
900006645
900007202
900006646
900006724
900006737
900006756
900006753
900006759
900007418
900007417
900006867
900007389
900006779
900006800
900006868
900007386
900006925
900007259
900006997
900006976
900006970
900006971
900006972
900006980
900007360
900007620
900007063
900007018
900007257
900007361
900007458
900007114
900007545
900007218
900007473
900007267
900007271
900007282
900007288
900007285
900007284
900007338
900007387
900007447
900007514
900007603
900007520
900007443
900007444
900007445
900007485
900007684
900007676
900007617
900007622
900007787
900007788
900007743
900000005
900000009
900005420
900006858
900000019
900006005
900005932
900000022
900004288
900000023
900000024
900000025
900000026
900000027
900001067
900005057
900005056
900001068
900005119
900000045
900004370
900000047
900000048
900000640
900006209
900001799
900000057
900003214
900000062
900005682
900000065
900000066
900000067
900000068
900005600
900001282
900000166
900000082
900000084
900003955
900000087
900000088
900005678
900000096
900005123
900000105
900000381
900000106
900004156
900000107
900000108
900005562
900000111
900001906
900001520
900001272
900001787
900003500
900006256
900006657
900000124
900005324
900000126
900002624
900000127
900005875
900004644
900000131
900000197
900005575
900005978
900000134
900000135
900000145
900004741
900005581
900000147
900006821
900006139
900000148
900000663
900004072
900004087
900004460
900000153
900004088
900004077
900000155
900006918
900000159
900004069
900000160
900000161
900000163
900000164
900001439
900000168
900005785
900004876
900000176
900000179
900003533
900003317
900007531
900006458
900006729
900004366
900000195
900001384
900005964
900005118
900000202
900006035
900003932
900005023
900001309
900000245
900004415
900000246
900004420
900000247
900002169
900000249
900003689
900004424
900004418
900006947
900007027
900001325
900000266
900001344
900000267
900001228
900000271
900002253
900000272
900003920
900000274
900002403
900005431
900004097
900005568
900001914
900005567
900003840
900004625
900000350
900000351
900000287
900000289
900000291
900004103
900000293
900000294
900000295
900006010
900007740
900000353
900007739
900006440
900006110
900006111
900001986
900006057
900006012
900006442
900007082
900000308
900002389
900000309
900006924
900000312
900006919
900000313
900000326
900000337
900003488
900003482
900000345
900000356
900000359
900001506
900000361
900000362
900005725
900005714
900000366
900004680
900001508
900000823
900000369
900000371
900000372
900003487
900003485
900004686
900001591
900001783
900001927
900000394
900004841
900000405
900000398
900001038
900000401
900000406
900005003
900000410
900005386
900000655
900000411
900004393
900000420
900005284
900002311
900005288
900005485
900005287
900000427
900000429
900006081
900005661
900006219
900000432
900006399
900000440
900000457
900000459
900000460
900003838
900000467
900007436
900004791
900000477
900005784
900007155
900000482
900000496
900000483
900000488
900000484
900000485
900000486
900001428
900000487
900004527
900000494
900001414
900000495
900005783
900000505
900000510
900000507
900000508
900000511
900001119
900000514
900000515
900000520
900005107
900005018
900000526
900000527
900000528
900000529
900000530
900000531
900004525
900003311
900003162
900005208
900000562
900002087
900000563
900006260
900006337
900000567
900006275
900000573
900000574
900001405
900000575
900000576
900000577
900003687
900006720
900005291
900005193
900005194
900000598
900006122
900004657
900000613
900007654
900000625
900000631
900000633
900000635
900000636
900000637
900004046
900004218
900000652
900004042
900005002
900005000
900005957
900002366
900000678
900003475
900000681
900000682
900000683
900000684
900004289
900000704
900001366
900000708
900005800
900005799
900000711
900006162
900006161
900000715
900004793
900002968
900000737
900000749
900000738
900002192
900000740
900005860
900000742
900000743
900000744
900005824
900005521
900005520
900005525
900000764
900005524
900000765
900005522
900000767
900004632
900004690
900000779
900005627
900006820
900005392
900005393
900005395
900000782
900003600
900004058
900000790
900000793
900000795
900002339
900000800
900000801
900006556
900006785
900006117
900000806
900006546
900006628
900000816
900006717
900006899
900000821
900003165
900003695
900000822
900006624
900000918
900004948
900006250
900006252
900001518
900003532
900004334
900006346
900005074
900003856
900000974
900004524
900004796
900001723
900000979
900002772
900000982
900000987
900005436
900000985
900000986
900005364
900006547
900004790
900001005
900006670
900004711
900003833
900001031
900001032
900001033
900005963
900001039
900002380
900005971
900001047
900003255
900006136
900006135
900004096
900003184
900001060
900005020
900001075
900003493
900001076
900001386
900003478
900003273
900001086
900005295
900005484
900002600
900005658
900001091
900002646
900003280
900001502
900001098
900004308
900004359
900001100
900006905
900004342
900004360
900004444
900003692
900004922
900004781
900004800
900001120
900005167
900004933
900003511
900006345
900006341
900007044
900001141
900001148
900001350
900005582
900006342
900006344
900001168
900005075
900001173
900002416
900001175
900006338
900002089
900001180
900005728
900001206
900001207
900002644
900001209
900002642
900001216
900001218
900001219
900004313
900001221
900001222
900005619
900001226
900005901
900001234
900003566
900005184
900001253
900006667
900003912
900006124
900001305
900002548
900007053
900005791
900001330
900001331
900004187
900004190
900001332
900004188
900005081
900001333
900001340
900005321
900004887
900001341
900001342
900003516
900001349
900005060
900001355
900003951
900002257
900001895
900005102
900001367
900005104
900001370
900005106
900005103
900006018
900006013
900001915
900001377
900002383
900001378
900001379
900003495
900001385
900003479
900004797
900001406
900001407
900001409
900001410
900004523
900001411
900001412
900001426
900001427
900002425
900005356
900001429
900006158
900001436
900007664
900001444
900001830
900003490
900001481
900001482
900001491
900001490
900006481
900005613
900005610
900002091
900001503
900005311
900001505
900003278
900005906
900001507
900003172
900002398
900001524
900004927
900001528
900005458
900001552
900001553
900002665
900005151
900001570
900001590
900006351
900006876
900001601
900005948
900001603
900006123
900005955
900005950
900006276
900001609
900004881
900006239
900001612
900001617
900006684
900001619
900001621
900006200
900007209
900001623
900001627
900006815
900001854
900001632
900005819
900005856
900001649
900005822
900005864
900006825
900005152
900006829
900006830
900006822
900002592
900004343
900004344
900005905
900005904
900006328
900004302
900006087
900001684
900006097
900004296
900001680
900001685
900006108
900006106
900006679
900001686
900004951
900004681
900001690
900007524
900001698
900006683
900003093
900003362
900001704
900001708
900001710
900001712
900002525
900001957
900004926
900002102
900006268
900006259
900006169
900006170
900001736
900004939
900006325
900006321
900005091
900001746
900005089
900006302
900001760
900002420
900001773
900001762
900007755
900007736
900007754
900001777
900001782
900006675
900006438
900006118
900001801
900003445
900004727
900003480
900001852
900005622
900001855
900001865
900001871
900005266
900003092
900001886
900006254
900001899
900006300
900002405
900003408
900001916
900007081
900001918
900005402
900006043
900005241
900001947
900004475
900005061
900005062
900003937
900002010
900002009
900002408
900001969
900005306
900001971
900002124
900003734
900001978
900006146
900004216
900001980
900006297
900001981
900006298
900004918
900004919
900001984
900004895
900004078
900005628
900001989
900001990
900001997
900005708
900002014
900002019
900002020
900006249
900004949
900002083
900002030
900004015
900002031
900005187
900004010
900002040
900002042
900002057
900002058
900002064
900004905
900004909
900004673
900002074
900002381
900004179
900002077
900003455
900004175
900004177
900002101
900002103
900002170
900005315
900002121
900004347
900006116
900005803
900005390
900003198
900004246
900002143
900006295
900002154
900002155
900002156
900004256
900006145
900002374
900004223
900002167
900005093
900007061
900002176
900005094
900002183
900005361
900004538
900002184
900004600
900004594
900002198
900002191
900005463
900005466
900006405
900002201
900002204
900002206
900005229
900006408
900002208
900002209
900007014
900006188
900002211
900005846
900002212
900003872
900002213
900003136
900003142
900006195
900002585
900005842
900007230
900005843
900007229
900007228
900002225
900002960
900003726
900002231
900005385
900002237
900004814
900006480
900004818
900002241
900002242
900003330
900002243
900002244
900002245
900003560
900002248
900002249
900002250
900003456
900003436
900002255
900002259
900002261
900002262
900002277
900002283
900004994
900006783
900002290
900002294
900006520
900002297
900004037
900004039
900004032
900002321
900006073
900003603
900004031
900002312
900005293
900005289
900005290
900005313
900005816
900002330
900002331
900002332
900004886
900003318
900002344
900005341
900002368
900004233
900002369
900007340
900002371
900004287
900002373
900002376
900004232
900004231
900002377
900002394
900002379
900004267
900002392
900006142
900002386
900002390
900006278
900004958
900004842
900002424
900004847
900007697
900002426
900002427
900002430
900004848
900002442
900002446
900002450
900002451
900002456
900003243
900002455
900005444
900002459
900002468
900006415
900002473
900006159
900005376
900004844
900004843
900002475
900004547
900005445
900002483
900002481
900003233
900005148
900002494
900002497
900002499
900005154
900002501
900002615
900005146
900005862
900007016
900005839
900005838
900003381
900003586
900002542
900002563
900002564
900006881
900002566
900003989
900002575
900002984
900002586
900002591
900005671
900002597
900007589
900002599
900002623
900005876
900004559
900004827
900004820
900002614
900005181
900002626
900002635
900002627
900002625
900002628
900002639
900004301
900002640
900002641
900005902
900002643
900002645
900005617
900005660
900002647
900002650
900003281
900003279
900002666
900007088
900007089
900007032
900002681
900005771
900002692
900002761
900002735
900006434
900002742
900003652
900002762
900002763
900002766
900005354
900002778
900003707
900002781
900003699
900002805
900002796
900006939
900006991
900002800
900002802
900003971
900002813
900002817
900007404
900002826
900006941
900002828
900006953
900002833
900003974
900002885
900002837
900002846
900002843
900002857
900007326
900003269
900002878
900002880
900002889
900007039
900002893
900002898
900002946
900002951
900002953
900005650
900003029
900002958
900003141
900002967
900002975
900002985
900006102
900004985
900003034
900006075
900006641
900003156
900006860
900004221
900003059
900003060
900003067
900006281
900004479
900003078
900006817
900005232
900003096
900003111
900003112
900003113
900003137
900003146
900003145
900004775
900004870
900003170
900003185
900003190
900006004
900006025
900003191
900005989
900003195
900005012
900005556
900003200
900003237
900003208
900005059
900003210
900005064
900003953
900007534
900007535
900007515
900003224
900005086
900005090
900004882
900005371
900006237
900003256
900005010
900005677
900003262
900004744
900004971
900005482
900005655
900003275
900003743
900003277
900005614
900005615
900004401
900003290
900003291
900003294
900003382
900003394
900003319
900003316
900006775
900003323
900003324
900004835
900003697
900004751
900003554
900007780
900003354
900004906
900003389
900003435
900003390
900006248
900005480
900005319
900005320
900003393
900005322
900003395
900003484
900005422
900003407
900003412
900007580
900003428
900005153
900003421
900003422
900003427
900004884
900003443
900003462
900004747
900003447
900003451
900003452
900003453
900003454
900003459
900003468
900003471
900005572
900003499
900003497
900003505
900003510
900004954
900003513
900003696
900003515
900003517
900003542
900003528
900006674
900005041
900003546
900003547
900003549
900003563
900003553
900003556
900003555
900003557
900003559
900003562
900003558
900006296
900003568
900007691
900003570
900003595
900003597
900003598
900004264
900003599
900004049
900003642
900005111
900003686
900003647
900005867
900003667
900003669
900005442
900003672
900004602
900005450
900003677
900005441
900005215
900005468
900003708
900003694
900004930
900003698
900003705
900005105
900004440
900007050
900007362
900006692
900003739
900003745
900004742
900003747
900004784
900004774
900003751
900005172
900003758
900003760
900003767
900005879
900006234
900003802
900003849
900003804
900003824
900005666
900004678
900003808
900003811
900005275
900005674
900003860
900005669
900003826
900003827
900003828
900003829
900003830
900003859
900003841
900003843
900003845
900003852
900003850
900003851
900003864
900007006
900005845
900003888
900007007
900006790
900006927
900003914
900003916
900005309
900003933
900004473
900003936
900003952
900005036
900003954
900004134
900004466
900003956
900003984
900003986
900003987
900006425
900005340
900004012
900004013
900004022
900006523
900004041
900004043
900004045
900004371
900004050
900004898
900004052
900004066
900004054
900004055
900004057
900004082
900006143
900004067
900004891
900004093
900004123
900004106
900006011
900005999
900004109
900004113
900004465
900004135
900005956
900004139
900004155
900005022
900005128
900006665
900004158
900005593
900004159
900006352
900004161
900005130
900004163
900005796
900004164
900006347
900007414
900004178
900004186
900004189
900005077
900006166
900006171
900005087
900004198
900004259
900004199
900004201
900004202
900004215
900005497
900005496
900006120
900004219
900004220
900004271
900004222
900004230
900004224
900004225
900004226
900004227
900004228
900004240
900004255
900005960
900004512
900004266
900004261
900005990
900004269
900005399
900006140
900004297
900004300
900005383
900004324
900004305
900006484
900004349
900004336
900006517
900004333
900004340
900006902
900004355
900004351
900006875
900004353
900005652
900006090
900004367
900004709
900004379
900004390
900004815
900004817
900004395
900004396
900006308
900004397
900004403
900004404
900004405
900005970
900004425
900004416
900005798
900005602
900004445
900006163
900004422
900004427
900004455
900004464
900005425
900004468
900004467
900006644
900004474
900005996
900006649
900004480
900004483
900004748
900004753
900004799
900005780
900004545
900004531
900004532
900004534
900005367
900004557
900006457
900004803
900004925
900004597
900004601
900004603
900005230
900004605
900006404
900004634
900004688
900004628
900005408
900004633
900006696
900004635
900004636
900004694
900004639
900004693
900004648
900004653
900005424
900004656
900006859
900006112
900004684
900006700
900004692
900004698
900004702
900004705
900005675
900006482
900006310
900004714
900004717
900006483
900004720
900004723
900004739
900004745
900004746
900004760
900004924
900004920
900004798
900004802
900005323
900004812
900004813
900004822
900004821
900005477
900004832
900004838
900005878
900004837
900004836
900005384
900005892
900004850
900004868
900004894
900004902
900004904
900004907
900004910
900004912
900005490
900004934
900004984
900004987
900004991
900004999
900005001
900005004
900005021
900006850
900005049
900005054
900005058
900005066
900005072
900005076
900005797
900005082
900006168
900005083
900005085
900005084
900005095
900005109
900005097
900006160
900005099
900006319
900005110
900005113
900006653
900006656
900005115
900005939
900006650
900005125
900005794
900005143
900005147
900005144
900005165
900005166
900005183
900005191
900007004
900005195
900005281
900005205
900005206
900006103
900005271
900005276
900005279
900005282
900005317
900006522
900005335
900005333
900005331
900005336
900007779
900007301
900005352
900005357
900005366
900005375
900006155
900005379
900005382
900006147
900005640
900005411
900006435
900005416
900005423
900005475
900005446
900005443
900006406
900005467
900005459
900005465
900005470
900005474
900005495
900005498
900005506
900005507
900005510
900005849
900005820
900005526
900005527
900006119
900005566
900005789
900005576
900006287
900005597
900005603
900005612
900005802
900005616
900005690
900006312
900006904
900005654
900006908
900005664
900005668
900006089
900005676
900005985
900005679
900006017
900005686
900006002
900005719
900005716
900005720
900005767
900007639
900005769
900005770
900005778
900005779
900005795
900005858
900005841
900005847
900005848
900007017
900005857
900005861
900005889
900005910
900005940
900005915
900005926
900005918
900005933
900005921
900005925
900005938
900005928
900005944
900005929
900005930
900005931
900005941
900005946
900005942
900005953
900005945
900007291
900006141
900005998
900006007
900006008
900006024
900006020
900006015
900006026
900006052
900006053
900006439
900006072
900006074
900006083
900006926
900006096
900006235
900006109
900006676
900006115
900006125
900006149
900006150
900006648
900006156
900006178
900007013
900007012
900006184
900006187
900006186
900007015
900006189
900006814
900006203
900006204
900006205
900006366
900006218
900006734
900006215
900006216
900006223
900006221
900006752
900006233
900006263
900006284
900006294
900006698
900006323
900006335
900006336
900007047
900006349
900006359
900006371
900006374
900006375
900006377
900006389
900006391
900007104
900006725
900007101
900006427
900007483
900006552
900006922
900006923
900006574
900006588
900006605
900006630
900006616
900006620
900007036
900006636
900006652
900006728
900007009
900006739
900006755
900007109
900007239
900006801
900007548
900006888
900007084
900006979
900006942
900006978
900006966
900006986
900007245
900006996
900007621
900006999
900007616
900007615
900007008
900007051
900007083
900007095
900007098
900007100
900007462
900007128
900007753
900007219
900007226
900007237
900007249
900007241
900007262
900007266
900007312
900007778
900007318
900007328
900007329
900007353
900007354
900007484
900007359
900007400
900007399
900007437
900007438
900007439
900007441
900007604
900007446
900007519
900007500
900007518
900007501
900007510
900007502
900007503
900007504
900007505
900007506
900007507
900007508
900007509
900007611
900007618
900007623
900007625
900007735
900007786
900000002
900003405
900004399
900005514
900000011
900000014
900000017
900006126
900000020
900000028
900001064
900001066
900000054
900006642
900000064
900000080
900000081
900006286
900000083
900004151
900000392
900004469
900005117
900000110
900007242
900000113
900001521
900000121
900000123
900000125
900000129
900005417
900000130
900000136
900000150
900000151
900000158
900003999
900000167
900006301
900000174
900000175
900000177
900003534
900000185
900000186
900004897
900004896
900004773
900000194
900000199
900000201
900000232
900000234
900000235
900000236
900007401
900007645
900000242
900000243
900000251
900000254
900000255
900000257
900001303
900000262
900000263
900003152
900002229
900004590
900000269
900007696
900000270
900000282
900000283
900000458
900000285
900000286
900005252
900005251
900000288
900007120
900007121
900000290
900000296
900001390
900000301
900002069
900000325
900000327
900000328
900000333
900000334
900000335
900000336
900000338
900000341
900003481
900000342
900000343
900001517
900006515
900000346
900000347
900000348
900004640
900000352
900000355
900000358
900000824
900000368
900000370
900000384
900004580
900000376
900004687
900001594
900000386
900000389
900005983
900000390
900000395
900000404
900000437
900005201
900000807
900000408
900000414
900000418
900005651
900000422
900000425
900000428
900006213
900000435
900000436
900000438
900000442
900006793
900000444
900000448
900000451
900000449
900000450
900000453
900000535
900000454
900004736
900004735
900000475
900000489
900004880
900000512
900000517
900004947
900000519
900003216
900007451
900000525
900000532
900000556
900006265
900000565
900005080
900000566
900000571
900000568
900000570
900000585
900000592
900003836
900000601
900000604
900000612
900003583
900000614
900000616
900000617
900004461
900000618
900000619
900000620
900004171
900003959
900000630
900000649
900000650
900000673
900000674
900000680
900000686
900006127
900000687
900005573
900000697
900000707
900004789
900007442
900007596
900000718
900000723
900000725
900000726
900000728
900000731
900002664
900000733
900003776
900000759
900006661
900007289
900000770
900007741
900000771
900000772
900000773
900000777
900000776
900001335
900007405
900000787
900000792
900002338
900000794
900000804
900001190
900007356
900002239
900000812
900007000
900000815
900007038
900002342
900000896
900000910
900000911
900002017
900002013
900000941
900000967
900000970
900000976
900005219
900000977
900000983
900000995
900001010
900001035
900001036
900001040
900001042
900006133
900001065
900001071
900001080
900001081
900001101
900001103
900001104
900001108
900003620
900001111
900002407
900004883
900001121
900001123
900001133
900001138
900001140
900001142
900005724
900001147
900007383
900001152
900005727
900001153
900001161
900001167
900002088
900002044
900001176
900001179
900001181
900001184
900001185
900001186
900005609
900001239
900001240
900007130
900001257
900001259
900001274
900001276
900001278
900001288
900001289
900001290
900001291
900001443
900001307
900001318
900001321
900005763
900001322
900001323
900005069
900001324
900001336
900001338
900003923
900003925
900005176
900002870
900007581
900001361
900001364
900001365
900001369
900001383
900001391
900002164
900001404
900002658
900007517
900001435
900001437
900001483
900001484
900001492
900001496
900001499
900001900
900007211
900001512
900002240
900007482
900001912
900006288
900001522
900001523
900001526
900001529
900004579
900004582
900001531
900001534
900001535
900001539
900001541
900007709
900001542
900001544
900001545
900001546
900001548
900001549
900001567
900006242
900001588
900001593
900001595
900001598
900005937
900001605
900001853
900006280
900001610
900001613
900001615
900001618
900006033
900001622
900001624
900007298
900006813
900001628
900001630
900006196
900001636
900001637
900001638
900001657
900003431
900001641
900001642
900007530
900001643
900001647
900001650
900001651
900006823
900001658
900001659
900001660
900001667
900001669
900001675
900001881
900007791
900001691
900001696
900002404
900001699
900001700
900006761
900002713
900002712
900001707
900006760
900002095
900001724
900001735
900004932
900001749
900001759
900001775
900001774
900007734
900007757
900006711
900001778
900007756
900001779
900003340
900002006
900001786
900007255
900001795
900001797
900007710
900001803
900001905
900003442
900006068
900001859
900001860
900001864
900001868
900006680
900001884
900001909
900003502
900001892
900001893
900001898
900001901
900001902
900001903
900001907
900006920
900001919
900001920
900001921
900001926
900001936
900007347
900006104
900001955
900001959
900001962
900001960
900001963
900005409
900001965
900005410
900001968
900001983
900005396
900002081
900001988
900007432
900002023
900002007
900002008
900004502
900004504
900002025
900002027
900007205
900002028
900003049
900002029
900007204
900002034
900002035
900002037
900003965
900002039
900002043
900002051
900002066
900002071
900002075
900004180
900002078
900005492
900007074
900007073
900002111
900002112
900002113
900002117
900005833
900002128
900003196
900002135
900002137
900007406
900002140
900002141
900002142
900003712
900002149
900002152
900002160
900002163
900002166
900003641
900002177
900002182
900007716
900002193
900002194
900002195
900007714
900002202
900002203
900002207
900005863
900006828
900005643
900002219
900002221
900002222
900002226
900006194
900002227
900003228
900005903
900002247
900002252
900002256
900002260
900002406
900002267
900002270
900002273
900006460
900003159
900002276
900002285
900002289
900002291
900004375
900004365
900007749
900003148
900002298
900004038
900002302
900007748
900006080
900002322
900002323
900002341
900005988
900002349
900002353
900002357
900002358
900002359
900002360
900002362
900005015
900002395
900002396
900006257
900002417
900004503
900007732
900006766
900003122
900003240
900003244
900002452
900005227
900007533
900002457
900006892
900002467
900002476
900002477
900007532
900002486
900003234
900002498
900005868
900002508
900006833
900002519
900007194
900002520
900002522
900003587
900002539
900003154
900007759
900002543
900007610
900002549
900006882
900002568
900002970
900002969
900002579
900007475
900002588
900002598
900002602
900003844
900005163
900002610
900002636
900002648
900002660
900002661
900002662
900007022
900002678
900002679
900003621
900002683
900005762
900002684
900002689
900007751
900002746
900005253
900002724
900002725
900003631
900002737
900002914
900002739
900002747
900002750
900002752
900002764
900007771
900002765
900007174
900005885
900002929
900002770
900002771
900007729
900002779
900002785
900002786
900002788
900002791
900002792
900002793
900002794
900002804
900002803
900002818
900002819
900003155
900002820
900002879
900002821
900002822
900002824
900003967
900002830
900006954
900002888
900002852
900003977
900003975
900002854
900007181
900002861
900007565
900002862
900007435
900002869
900002867
900002871
900002874
900002873
900002876
900002894
900002895
900007178
900002899
900002902
900002903
900002904
900007333
900002928
900002944
900002945
900002947
900007582
900007793
900002965
900002966
900002973
900002979
900002986
900002996
900002998
900005186
900003027
900003028
900003030
900004990
900005292
900003032
900003033
900006079
900003041
900003042
900003800
900007665
900003045
900003046
900005493
900005542
900003057
900003058
900003071
900003073
900006362
900003082
900003083
900003087
900003088
900003095
900003099
900003098
900003107
900003252
900003108
900003115
900003128
900003147
900003138
900007244
900003139
900004029
900003143
900004967
900004936
900007577
900004935
900007125
900003174
900004075
900003201
900003209
900003215
900003217
900003221
900003222
900003508
900006165
900003227
900007680
900003236
900003242
900003731
900006890
900005726
900003741
900003267
900003271
900004291
900003285
900006100
900003286
900007323
900003289
900003293
900003300
900004959
900003321
900003349
900006432
900006765
900006431
900003588
900005189
900003360
900004899
900005546
900005545
900003385
900007479
900003391
900004855
900003400
900003401
900003403
900003404
900004217
900003416
900003425
900003429
900003430
900007738
900004462
900005959
900003467
900003483
900003492
900003494
900003498
900003504
900003928
900003550
900003552
900004861
900003565
900003569
900003573
900003578
900003589
900003592
900007407
900003622
900003616
900003633
900003634
900003643
900003645
900007650
900007772
900003649
900003653
900003673
900006879
900003662
900003665
900005440
900003680
900006326
900003693
900003702
900003703
900003706
900003713
900003717
900007671
900003722
900006791
900003727
900003730
900003729
900003732
900005355
900003753
900003755
900003756
900003759
900007668
900003764
900003766
900003770
900007539
900003768
900003771
900003774
900003773
900003779
900003780
900003781
900003782
900006658
900003815
900003821
900005298
900004623
900005316
900003857
900006901
900003863
900003891
900003871
900003887
900003880
900003881
900003889
900003890
900003876
900003884
900003885
900003900
900003894
900003896
900003901
900003907
900004332
900003924
900005694
900005693
900006478
900003962
900003969
900003979
900006993
900003981
900007254
900003983
900003988
900003991
900003992
900007492
900007493
900007490
900007491
900003996
900004000
900004001
900004007
900004011
900005649
900005648
900004726
900004728
900004730
900004729
900004068
900004094
900004095
900005692
900004145
900005570
900004170
900004183
900006842
900004200
900004203
900004206
900004207
900004210
900004211
900005500
900005503
900004214
900004229
900004274
900004279
900004247
900004248
900004270
900004272
900004284
900005486
900004303
900004319
900004321
900004325
900004335
900004338
900004341
900006907
900006874
900007096
900004358
900004368
900004374
900004725
900004641
900004382
900005629
900006315
900006672
900004452
900004471
900007746
900004488
900004528
900005435
900005437
900004553
900004877
900004554
900004583
900004586
900004591
900004606
900007355
900005472
900004609
900004610
900004627
900004630
900004647
900004650
900004652
900004679
900004683
900006331
900007795
900004732
900004734
900007415
900004749
900004752
900004757
900004759
900004765
900004768
900004770
900005584
900004794
900004801
900004806
900004845
900004846
900004856
900005019
900004867
900004929
900004879
900004892
900004900
900004908
900004914
900004940
900007481
900004955
900004956
900004970
900004969
900004983
900004986
900005294
900006525
900006526
900004993
900005025
900005053
900005055
900007724
900007725
900007212
900006164
900005126
900005136
900005169
900007647
900005174
900006909
900007586
900006423
900005228
900005231
900005233
900005234
900007602
900005240
900005239
900006400
900005238
900005270
900005305
900005307
900005327
900005329
900005344
900005338
900007148
900005346
900005350
900005351
900005368
900005360
900005365
900007717
900006317
900005591
900005413
900006401
900006861
900005427
900005434
900005464
900007057
900005494
900005499
900005504
900005512
900005508
900005509
900005511
900005528
900007711
900007558
900005533
900005532
900005534
900005535
900005551
900005565
900005564
900005639
900005631
900006307
900006246
900006245
900006094
900005670
900005672
900006036
900005683
900005684
900005687
900005689
900005698
900005699
900005700
900005712
900005713
900005733
900007393
900005742
900005743
900005744
900005754
900005755
900005759
900005760
900005761
900005790
900005788
900005813
900005814
900005827
900006836
900005870
900005871
900005881
900006445
900007363
900005943
900007655
900005991
900005992
900007513
900005994
900005995
900006032
900006041
900006063
900007197
900006894
900006071
900006084
900006085
900006093
900006099
900006241
900006839
900007648
900007649
900006134
900007790
900007256
900006144
900006179
900006180
900006181
900007694
900006198
900007747
900006732
900006808
900006751
900006810
900006224
900006865
900006290
900006797
900006306
900006313
900006912
900006355
900006356
900006360
900006762
900006376
900007097
900007408
900006402
900006403
900006413
900006424
900006746
900006745
900006428
900006429
900006433
900007776
900006446
900006450
900006452
900006453
900006479
900006550
900006906
900007380
900006528
900006530
900006540
900006541
900006543
900006545
900007693
900006553
900006558
900006557
900007690
900006565
900006575
900006577
900006578
900006579
900006589
900006590
900006591
900006592
900006593
900006596
900006597
900006598
900006948
900006619
900006622
900006623
900006626
900007001
900006632
900006633
900006635
900006638
900007695
900006640
900007792
900006681
900007646
900006840
900007575
900007576
900006691
900006694
900007469
900006715
900007644
900006723
900007468
900007203
900006744
900007554
900006747
900006750
900006754
900007144
900007143
900007127
900007046
900006778
900006795
900006794
900006784
900006789
900006804
900006802
900007712
900006818
900006819
900006831
900006837
900006843
900007512
900007465
900006848
900006891
900007643
900006989
900006952
900006928
900006929
900007452
900007043
900006936
900006946
900006950
900006958
900007593
900006959
900006962
900006963
900006967
900006968
900006973
900006984
900006985
900007636
900007060
900007260
900006998
900007002
900007794
900007020
900007019
900007030
900007243
900007041
900007042
900007206
900007132
900007094
900007527
900007607
900007105
900007108
900007111
900007112
900007113
900007115
900007583
900007123
900007641
900007129
900007131
900007150
900007153
900007152
900007523
900007160
900007164
900007171
900007177
900007453
900007549
900007200
900007773
900007220
900007594
900007250
900007663
900007265
900007269
900007275
900007274
900007273
900007761
900007390
900007280
900007286
900007287
900007292
900007294
900007300
900007296
900007299
900007302
900007305
900007538
900007430
900007429
900007334
900007336
900007337
900007769
900007770
900007342
900007783
900007346
900007637
900007777
900007388
900007395
900007679
900007403
900007409
900007410
900007413
900007412
900007419
900007470
900007440
900007449
900007456
900007457
900007461
900007464
900007486
900007489
900007495
900007498
900007516
900007525
900007529
900007652
900007555
900007543
900007546
900007553
900007590
900007592
900007564
900007573
900007574
900007584
900007585
900007605
900007760
900007762
900007612
900007613
900007624
900007633
900007634
900007632
900007631
900007629
900007630
900007640
900007692
900007667
900007670
900007672
900007675
900007674
900007678
900007677
900007682
900007683
900007685
900007721
900007722
900007726
900007727
900007742
900007745
900007744
900007764
900007765
900007767
900007785
900007789
