1.000000000000000000e+00 9.814182274979180720e-01
2.000000000000000000e+00 9.604087566514700747e-01
3.000000000000000000e+00 9.553628138717554785e-01
4.000000000000000000e+00 9.339440217928269838e-01
5.000000000000000000e+00 9.145153777752684787e-01
6.000000000000000000e+00 8.017685500148202804e-01
7.000000000000000000e+00 7.663058053042386408e-01
8.000000000000000000e+00 7.604553345848212853e-01
9.000000000000000000e+00 7.557340258860393289e-01
1.000000000000000000e+01 7.421346808000113260e-01
