1.000000000000000000e+00 9.997318240200990802e-01
2.000000000000000000e+00 9.504086155062174690e-01
3.000000000000000000e+00 9.499992942737370827e-01
4.000000000000000000e+00 9.318550720546514565e-01
5.000000000000000000e+00 9.317350985899589544e-01
6.000000000000000000e+00 9.294414882355431784e-01
7.000000000000000000e+00 9.259622577594602832e-01
8.000000000000000000e+00 9.259340287089443677e-01
9.000000000000000000e+00 9.241344267385566136e-01
1.000000000000000000e+01 9.122852827845135959e-01
