1.362567953544702277e+02
1.513718635560967982e+02
1.890892939765687402e+02
1.891042386752062328e+02
3.501527945988663760e+03
3.501536912807845511e+03
3.513226656081834790e+03
3.544819228261580065e+03
3.556467126379384808e+03
3.564848113375105640e+03
3.570667579024417137e+03
3.570781158734060227e+03
3.582767302083025243e+03
3.582937671647488969e+03
3.582970549984490845e+03
3.582979516803673505e+03
3.616062260309849080e+03
3.619400905985391546e+03
3.619565297670400469e+03
9.512591795252041265e+03
