1.000000000000000000e+00 7.734137683415657997e+09
2.000000000000000000e+00 7.732895838081788063e+09
3.000000000000000000e+00 7.731925061182940483e+09
4.000000000000000000e+00 7.731822445542194366e+09
5.000000000000000000e+00 7.730635191719621658e+09
6.000000000000000000e+00 7.730434982507315636e+09
7.000000000000000000e+00 7.730114440071384430e+09
8.000000000000000000e+00 7.729972023209022522e+09
9.000000000000000000e+00 7.729149417521051407e+09
1.000000000000000000e+01 7.728643591663230896e+09
