1.000000000000000000e+00 7.514598425383585930e+09
2.000000000000000000e+00 7.514598425383585930e+09
3.000000000000000000e+00 7.514598425383585930e+09
4.000000000000000000e+00 6.780446337713486671e+09
5.000000000000000000e+00 6.457088658695858002e+09
6.000000000000000000e+00 6.457088658695858002e+09
7.000000000000000000e+00 6.457088658695858002e+09
8.000000000000000000e+00 6.457088658695858002e+09
9.000000000000000000e+00 6.457088658695858002e+09
1.000000000000000000e+01 6.457088658695858002e+09
