1.000000000000000000e+00 9.506626769608603755e-01
2.000000000000000000e+00 9.380513486428884162e-01
3.000000000000000000e+00 9.345650609041764589e-01
4.000000000000000000e+00 9.328219170348205358e-01
5.000000000000000000e+00 9.307329672966450085e-01
6.000000000000000000e+00 8.670129430196615861e-01
7.000000000000000000e+00 8.669423703933718528e-01
8.000000000000000000e+00 8.648604779178252766e-01
9.000000000000000000e+00 8.562929610862538565e-01
1.000000000000000000e+01 8.550579401261838575e-01
1.100000000000000000e+01 8.549591384493782087e-01
1.200000000000000000e+01 8.548391649846857065e-01
1.300000000000000000e+01 8.548038786715408399e-01
1.400000000000000000e+01 8.376194441699953419e-01
1.500000000000000000e+01 8.355516662197066680e-01
1.600000000000000000e+01 8.334768310067890429e-01
1.700000000000000000e+01 8.333145139663227230e-01
1.800000000000000000e+01 8.312467360160340490e-01
1.900000000000000000e+01 8.229121088512187931e-01
2.000000000000000000e+01 8.215359426385693276e-01
