1.000000000000000000e+00 3.297980422546291265e+03
2.000000000000000000e+00 3.299048096847167017e+03
3.000000000000000000e+00 3.299113853521170313e+03
4.000000000000000000e+00 3.301066857351517228e+03
5.000000000000000000e+00 3.301989607528266788e+03
6.000000000000000000e+00 3.302747786784734672e+03
7.000000000000000000e+00 3.302803586894173350e+03
8.000000000000000000e+00 3.304090897051229149e+03
9.000000000000000000e+00 3.307296955287439232e+03
1.000000000000000000e+01 3.307301438697030335e+03
1.100000000000000000e+01 3.308762087454893845e+03
1.200000000000000000e+01 3.308780021093258256e+03
1.300000000000000000e+01 3.308781515563121957e+03
1.400000000000000000e+01 3.309210830162707680e+03
1.500000000000000000e+01 3.316808714949841487e+03
1.600000000000000000e+01 3.321133681431612786e+03
1.700000000000000000e+01 3.327571356483624186e+03
1.800000000000000000e+01 3.327584806712397494e+03
1.900000000000000000e+01 3.328321404973367407e+03
2.000000000000000000e+01 3.330077418592470622e+03
