5.303724099342765896e+01
7.194826264889375977e+01
8.327634421586350300e+01
8.704988062174734864e+01
8.706781426011167468e+01
9.083985619613210361e+01
9.461040366228800735e+01
9.837945665858049438e+01
9.887562065333420946e+01
1.026431791797632798e+02
1.064092432363283791e+02
1.101738128230295075e+02
1.139368879398672192e+02
1.176984685868415141e+02
1.214585547639512839e+02
1.552006953469381472e+02
1.664316363727663770e+02
1.701722944416484040e+02
1.702141395978323999e+02
1.776909723260050669e+02
1.851618271747224185e+02
1.888950128942862534e+02
4.429982293521056818e+02
4.431999827837074690e+02
4.468270611429464907e+02
4.468270611429464907e+02
1.810019463381320747e+03
3.754913426414597325e+03
3.754913426414597325e+03
9.442431056452895064e+03
1.035626048004439508e+04
1.035626048004439508e+04
1.035626048004439508e+04
1.150765636180936235e+04
1.157834929717151499e+04
1.157834929717151499e+04
1.157834929717151499e+04
1.431842522228784765e+04
1.431842522228784765e+04
1.431842522228784765e+04
1.741376301072397109e+04
1.780762681716933366e+04
1.780762681716933366e+04
1.977105008879620073e+04
1.977105008879620073e+04
2.290663715341973148e+04
2.290663715341973148e+04
2.290663715341973148e+04
2.290663715341973148e+04
2.290663715341973148e+04
