1.141476081906511730e+01
3.040797831703579135e+01
3.420243730101135782e+01
1.547722308370107385e+03
1.553839173522297642e+03
1.566053475718451182e+03
1.575739134905196806e+03
1.577800008847261552e+03
1.586944669943341523e+03
1.586993987448844337e+03
1.587255519674994957e+03
1.587751683669748672e+03
1.588191057809680842e+03
1.589558497734981302e+03
1.595606617273441088e+03
1.622941965550675832e+03
1.653166124074474737e+03
1.704078228921698155e+03
1.707070157588857910e+03
1.709524077105080096e+03
2.222390267055786353e+03
2.222439584561288939e+03
2.222453034790062247e+03
2.223787596378360831e+03
2.224452635467714572e+03
2.883896842969014415e+03
3.012291081267774643e+03
3.195023555473701890e+03
3.447486503234217707e+03
3.593055400558710517e+03
3.720594119159947695e+03
3.824929881101642877e+03
3.968250922324706153e+03
4.029144919177496377e+03
4.202643783008916216e+03
4.306755346382734388e+03
4.633588319009228144e+03
4.780425838557660427e+03
5.387273287756815989e+03
5.519569391645331962e+03
5.846143201703753220e+03
5.963854431371333703e+03
6.054702589467115104e+03
6.149568439542147644e+03
6.276697829833387914e+03
6.347852736313539936e+03
6.407001705775373921e+03
6.485851717182160428e+03
6.586825345260042923e+03
6.700716293421639421e+03
