0.000000000000000000e+00
0.000000000000000000e+00
3.908181796356206632e+03
9.493133799275057754e+03
9.493133799275057754e+03
2.476494435156746476e+04
2.740483453352702054e+04
2.740483453352702054e+04
2.740483453352702054e+04
3.026722173017028399e+04
3.044825298990789088e+04
3.044825298990789088e+04
3.044825298990789088e+04
3.846828206788832904e+04
3.846828206788832904e+04
3.846828206788832904e+04
3.851064431064522796e+04
3.851183689759647677e+04
3.851301752878881234e+04
3.851516059857338405e+04
3.851519646585011651e+04
