0
2.765935645400078101e+03
2.773297403948744432e+03
2.773297403948744432e+03
2.773297403948744432e+03
2.780656173557683815e+03
2.817402198566740481e+03
8.966181382508559182e+03
1.842082909707653744e+04
1.842444272520700179e+04
1.843526268702030939e+04
2.078596074422006859e+04
2.078862986739666667e+04
2.250925071360625952e+04
2.250925071360625952e+04
3.230549114463125079e+04
3.230609491045619143e+04
3.230609491045619143e+04
3.233935284280333508e+04
3.252038410254095652e+04
3.252108052549744752e+04
