0
7.157846331758699307e+03
1.503840315654100232e+04
1.966272847734960669e+04
2.067957486199820050e+04
2.067957486199820050e+04
2.896069357473573837e+04
3.100769742198999666e+04
3.345282735021356348e+04
3.345282735021356348e+04
3.602350839396161609e+04
4.295382535951340833e+04
4.295382535951340833e+04
4.426276893227258552e+04
4.426276893227258552e+04
4.426276893227258552e+04
4.426276893227258552e+04
4.968970269336892670e+04
5.000070500821422320e+04
5.000070500821422320e+04
5.062981762995627651e+04
