0
7.851500612192319295e+02
1.291462381329869913e+03
1.313744926997879702e+03
2.069025250462528220e+03
2.105547104992027016e+03
2.127423154857106510e+03
2.533648231269493863e+03
2.635161591232287719e+03
3.371923904146686255e+03
5.714801320555009625e+03
5.894490106596789701e+03
5.917723135098123748e+03
5.917821770109128011e+03
5.918966534024734756e+03
5.930566609106901524e+03
7.278154647974262843e+03
7.664438961596410081e+03
8.177321003964905685e+03
8.563394304375753563e+03
8.579208784473599735e+03
