0.000000000000000000e+00
1.913472041703239711e+03
2.301069701375078239e+03
2.849146509034077098e+03
3.601522846142040180e+03
4.007747922554427532e+03
4.394032236176589322e+03
5.052287058210242321e+03
5.485657293212628247e+03
5.668490443847667848e+03
6.191144577265949920e+03
6.497972388276835773e+03
7.457917617096743015e+03
1.032299676217245542e+04
1.192501181348772116e+04
1.232476921279546150e+04
1.232843664184102090e+04
1.232843664184102090e+04
1.233013734854592985e+04
1.252995693614398260e+04
1.253238694414238489e+04
