1.141476081906511730e+01
3.040797831703579135e+01
3.420243730101135782e+01
1.547722308370107385e+03
1.553839173522297642e+03
1.566053475718451182e+03
1.575739134905196806e+03
1.577800008847261552e+03
1.586944669943341523e+03
1.586993987448844337e+03
2.311502929406760813e+03
2.439897167705521497e+03
2.628574643029311574e+03
2.897881760623774426e+03
3.044266638493856135e+03
3.171805357095093314e+03
3.283785332389697487e+03
3.427106373612760763e+03
3.489321481825076262e+03
3.664802012695783560e+03
