1.000000000000000000e+00 7.733362044809842110e+09
2.000000000000000000e+00 7.733147009486240387e+09
3.000000000000000000e+00 7.732962693494582176e+09
4.000000000000000000e+00 7.732708442002542496e+09
5.000000000000000000e+00 7.730823942636621475e+09
6.000000000000000000e+00 7.728538359130912781e+09
7.000000000000000000e+00 7.728030612056405067e+09
8.000000000000000000e+00 7.727992634226442337e+09
9.000000000000000000e+00 7.727600950282921791e+09
1.000000000000000000e+01 7.727450621637242317e+09
