1.000000000000000000e+00 7.708446877482813835e+09
2.000000000000000000e+00 7.683028964261266708e+09
3.000000000000000000e+00 7.655176697299237251e+09
4.000000000000000000e+00 7.628716677625555992e+09
5.000000000000000000e+00 7.606670843934117317e+09
6.000000000000000000e+00 7.581175653760725021e+09
7.000000000000000000e+00 7.568310789704641342e+09
8.000000000000000000e+00 7.539799615174073219e+09
9.000000000000000000e+00 7.529473360646577835e+09
1.000000000000000000e+01 7.497644464488492966e+09
1.100000000000000000e+01 7.478484301196154594e+09
1.200000000000000000e+01 7.466190217153067589e+09
1.300000000000000000e+01 7.451913571033215523e+09
1.400000000000000000e+01 7.444315082978379250e+09
1.500000000000000000e+01 7.418050741070904732e+09
1.600000000000000000e+01 7.395919582453221321e+09
1.700000000000000000e+01 7.372753046243443489e+09
1.800000000000000000e+01 7.356953643828141212e+09
1.900000000000000000e+01 7.338514896236399651e+09
2.000000000000000000e+01 7.322633001621816635e+09
