1.000000000000000000e+00 7.739473856757003784e+09
2.000000000000000000e+00 7.738531841452917099e+09
3.000000000000000000e+00 7.738199157624001503e+09
4.000000000000000000e+00 7.737193466819142342e+09
5.000000000000000000e+00 7.736916992831654549e+09
6.000000000000000000e+00 7.736710915630320549e+09
7.000000000000000000e+00 7.736430706534318924e+09
8.000000000000000000e+00 7.735910171227700233e+09
9.000000000000000000e+00 7.735494610590298653e+09
1.000000000000000000e+01 7.734418847276341438e+09
1.100000000000000000e+01 7.734318847276341438e+09
1.200000000000000000e+01 7.731647507687143326e+09
1.300000000000000000e+01 7.731150769553595543e+09
1.400000000000000000e+01 7.731069871478691101e+09
1.500000000000000000e+01 7.730616924733232498e+09
1.600000000000000000e+01 7.730327855270558357e+09
1.700000000000000000e+01 7.728879443858419418e+09
1.800000000000000000e+01 7.728162441578811646e+09
1.900000000000000000e+01 7.728014172716588974e+09
2.000000000000000000e+01 7.726847153284903526e+09
