1.000000000000000000e+00 9.453958348450764992e-01
2.000000000000000000e+00 9.334072791731887753e-01
3.000000000000000000e+00 9.141830885173167776e-01
4.000000000000000000e+00 8.258679133797049987e-01
5.000000000000000000e+00 6.808234940445955230e-01
6.000000000000000000e+00 6.725771507354846301e-01
7.000000000000000000e+00 5.453160148029896348e-01
8.000000000000000000e+00 4.062580986244000436e-01
9.000000000000000000e+00 4.017125027211377875e-01
1.000000000000000000e+01 2.173904029357189571e-01
1.100000000000000000e+01 2.002031782889485412e-01
1.200000000000000000e+01 1.982232265956233863e-01
1.300000000000000000e+01 1.978396757440368248e-01
1.400000000000000000e+01 1.977308302321000855e-01
1.500000000000000000e+01 1.396280593363533606e-01
1.600000000000000000e+01 1.383685612696569922e-01
1.700000000000000000e+01 1.332476390890149076e-01
1.800000000000000000e+01 1.188178340779748460e-01
1.900000000000000000e+01 1.123544839167798376e-01
2.000000000000000000e+01 1.111779157639399968e-01
