1.000000000000000000e+00 5.137942557360741791e-01
2.000000000000000000e+00 4.281399110730652047e-01
3.000000000000000000e+00 4.004635247729302350e-01
4.000000000000000000e+00 3.811014721125945415e-01
5.000000000000000000e+00 3.796419728436892238e-01
6.000000000000000000e+00 3.796010243694233899e-01
7.000000000000000000e+00 3.688264944399743395e-01
8.000000000000000000e+00 3.688034796040731145e-01
9.000000000000000000e+00 3.687185937158140026e-01
1.000000000000000000e+01 3.683428839920757092e-01
1.100000000000000000e+01 3.682872897131454493e-01
1.200000000000000000e+01 3.679118788833799503e-01
1.300000000000000000e+01 3.676832249942313391e-01
1.400000000000000000e+01 3.676697747654579240e-01
1.500000000000000000e+01 3.669198497878450316e-01
1.600000000000000000e+01 3.666233469668837563e-01
1.700000000000000000e+01 3.666227491789382786e-01
1.800000000000000000e+01 3.666182657693470848e-01
1.900000000000000000e+01 3.664493906747471885e-01
2.000000000000000000e+01 3.657655212651105825e-01
