1.000000000000000000e+00 9.969004944696113757e-01
2.000000000000000000e+00 8.385665564389894744e-01
3.000000000000000000e+00 8.326422507178620203e-01
4.000000000000000000e+00 8.290088838670218729e-01
5.000000000000000000e+00 7.773124488166938129e-01
6.000000000000000000e+00 7.718960888179376978e-01
7.000000000000000000e+00 7.713674106171022338e-01
8.000000000000000000e+00 6.070158707122642605e-01
9.000000000000000000e+00 5.530855111074253205e-01
1.000000000000000000e+01 5.526915940166067243e-01
1.100000000000000000e+01 5.515461245814631264e-01
1.200000000000000000e+01 5.362403723553131885e-01
1.300000000000000000e+01 5.340634621165787355e-01
1.400000000000000000e+01 5.275690132376874564e-01
1.500000000000000000e+01 5.232618408367628593e-01
1.600000000000000000e+01 5.229560367794168219e-01
1.700000000000000000e+01 5.165393346947660946e-01
1.800000000000000000e+01 5.144090725325759506e-01
1.900000000000000000e+01 5.129629821597022632e-01
2.000000000000000000e+01 5.108379031171281781e-01
