1.000000000000000000e+00 9.807758093441280023e-01
2.000000000000000000e+00 9.261716441892046126e-01
3.000000000000000000e+00 8.589154840515409450e-01
4.000000000000000000e+00 7.736531663677734816e-01
5.000000000000000000e+00 6.355593104377662561e-01
6.000000000000000000e+00 6.335793587444411568e-01
7.000000000000000000e+00 4.807343443871997524e-01
8.000000000000000000e+00 4.796199736697523419e-01
9.000000000000000000e+00 4.713425316429452616e-01
1.000000000000000000e+01 3.700229093887028586e-01
1.100000000000000000e+01 3.617765660795919658e-01
1.200000000000000000e+01 3.572309701763297096e-01
1.300000000000000000e+01 1.971088558781759481e-01
1.400000000000000000e+01 1.966631075911969839e-01
1.500000000000000000e+01 1.385603366954502591e-01
1.600000000000000000e+01 1.374770646956990361e-01
1.700000000000000000e+01 1.327034115293312666e-01
1.800000000000000000e+01 1.290337628411788451e-01
1.900000000000000000e+01 1.277742647744824767e-01
2.000000000000000000e+01 1.226533425938403782e-01
