1.000000000000000000e+00 7.708446877482813835e+09
2.000000000000000000e+00 7.683028964261266708e+09
3.000000000000000000e+00 7.654517789730699539e+09
4.000000000000000000e+00 7.626665522768669128e+09
5.000000000000000000e+00 7.600205503094988823e+09
6.000000000000000000e+00 7.574710312921596527e+09
7.000000000000000000e+00 7.552664479230156898e+09
8.000000000000000000e+00 7.526400137322682381e+09
9.000000000000000000e+00 7.504268978704998016e+09
1.000000000000000000e+01 7.496670490650161743e+09
