1.000000000000000000e+00 7.740296984941205978e+09
2.000000000000000000e+00 7.740008092500379562e+09
3.000000000000000000e+00 7.739154830699812889e+09
4.000000000000000000e+00 7.739015330426217079e+09
5.000000000000000000e+00 7.737925531827273369e+09
6.000000000000000000e+00 7.736366035529056549e+09
7.000000000000000000e+00 7.736065866525610924e+09
8.000000000000000000e+00 7.735718430582865715e+09
9.000000000000000000e+00 7.735430821793015480e+09
1.000000000000000000e+01 7.733680473475066185e+09
