3.000000720000000000e+08 1.000000000000000000e+00
3.000000490000000000e+08 1.000000000000000000e+00
3.000000040000000000e+08 1.000000000000000000e+00
3.000000050000000000e+08 1.000000000000000000e+00
3.000000110000000000e+08 1.000000000000000000e+00
3.000000160000000000e+08 1.000000000000000000e+00
3.000000300000000000e+08 1.000000000000000000e+00
3.000000250000000000e+08 1.000000000000000000e+00
3.000000880000000000e+08 1.000000000000000000e+00
3.000000780000000000e+08 1.000000000000000000e+00
3.000000340000000000e+08 1.000000000000000000e+00
3.000000620000000000e+08 1.000000000000000000e+00
3.000000560000000000e+08 1.000000000000000000e+00
3.000000750000000000e+08 1.000000000000000000e+00
3.000000670000000000e+08 1.000000000000000000e+00
3.000000700000000000e+08 1.000000000000000000e+00
3.000000860000000000e+08 1.000000000000000000e+00
3.000000820000000000e+08 1.000000000000000000e+00
3.000000870000000000e+08 1.000000000000000000e+00
3.000000100000000000e+08 9.999937232265724285e-01
3.000000090000000000e+08 9.999204942032502430e-01
3.000000080000000000e+08 9.999204942032502430e-01
3.000000970000000000e+08 9.998580253629469894e-01
3.000000960000000000e+08 9.998580253629469894e-01
3.000000990000000000e+08 9.998338149511547535e-01
3.000000640000000000e+08 9.998051211297713792e-01
3.000000550000000000e+08 9.997764273083880049e-01
3.000000140000000000e+08 9.997414567135770591e-01
3.000000150000000000e+08 9.997414567135770591e-01
3.000000330000000000e+08 9.992222778829220609e-01
3.000000760000000000e+08 9.992222778829220609e-01
3.000000120000000000e+08 9.985204748349209014e-01
3.000000940000000000e+08 9.983826847134862348e-01
3.000000950000000000e+08 9.980879752563613927e-01
3.000000400000000000e+08 9.979770855924735562e-01
3.000000410000000000e+08 9.979770855924735562e-01
3.000000280000000000e+08 9.975810510785887431e-01
3.000000360000000000e+08 9.966171180164917764e-01
3.000000440000000000e+08 9.965310365523417646e-01
3.000000450000000000e+08 9.965310365523417646e-01
3.000000420000000000e+08 9.962443972324809272e-01
3.000000060000000000e+08 9.961932863631418611e-01
3.000000920000000000e+08 9.948503557436063627e-01
3.000000460000000000e+08 9.942077337022083849e-01
3.000000660000000000e+08 9.939545705072948545e-01
3.000000840000000000e+08 9.914453556061151307e-01
3.000000770000000000e+08 9.786511991028398194e-01
3.000000980000000000e+08 9.772236814890180590e-01
3.000000810000000000e+08 9.772236814890180590e-01
3.000000020000000000e+08 9.659222014856225780e-01
3.000000850000000000e+08 9.512775923970937519e-01
3.000000710000000000e+08 9.416935571610811628e-01
3.000000650000000000e+08 9.401793602951638018e-01
3.000000070000000000e+08 9.392982208635166641e-01
3.000000240000000000e+08 9.369273938717170847e-01
3.000000380000000000e+08 9.323262200553072976e-01
3.000000370000000000e+08 9.323262200553072976e-01
3.000000430000000000e+08 9.323190465999614540e-01
3.000000800000000000e+08 9.243197472074335952e-01
3.000000180000000000e+08 9.177291351084446713e-01
3.000000900000000000e+08 9.136656715490000247e-01
3.000000890000000000e+08 9.136656715490000247e-01
3.000000030000000000e+08 9.062282928252295422e-01
3.000000910000000000e+08 9.013336051275858685e-01
3.000000790000000000e+08 8.656372957508037258e-01
3.000000000000000000e+08 8.597254718639147919e-01
3.000000930000000000e+08 8.518780106095404925e-01
3.000000830000000000e+08 7.739838501608646837e-01
3.000000310000000000e+08 7.573136366190548197e-01
3.000000270000000000e+08 7.249042642605303399e-01
3.000000190000000000e+08 6.863376760634946061e-01
3.000000260000000000e+08 6.454791688834636831e-01
3.000000600000000000e+08 6.318666406828172821e-01
3.000000610000000000e+08 6.318666406828172821e-01
3.000000680000000000e+08 6.229760394635690535e-01
3.000000690000000000e+08 6.209907856966082607e-01
3.000000320000000000e+08 6.150762717639646215e-01
3.000000630000000000e+08 6.110884283796240712e-01
3.000000740000000000e+08 6.104589576730267142e-01
3.000000730000000000e+08 6.071663416692869575e-01
3.000000590000000000e+08 6.035231230355193599e-01
3.000000580000000000e+08 6.035231230355193599e-01
3.000000480000000000e+08 5.717273800030368003e-01
3.000000570000000000e+08 5.459827454487414800e-01
3.000000200000000000e+08 4.954051029570178399e-01
3.000000230000000000e+08 4.954051029570178399e-01
3.000000470000000000e+08 4.930040876739712474e-01
3.000000510000000000e+08 4.930040876739712474e-01
3.000000520000000000e+08 4.930040876739712474e-01
3.000000170000000000e+08 4.922138120100380543e-01
3.000000210000000000e+08 4.913012887112528926e-01
3.000000290000000000e+08 4.845385136839638340e-01
3.000000130000000000e+08 4.819817746411180215e-01
3.000000500000000000e+08 4.780061859096598753e-01
3.000000390000000000e+08 4.515459991846172416e-01
3.000000350000000000e+08 4.509311742826843661e-01
3.000000530000000000e+08 4.494573281030873613e-01
3.000000540000000000e+08 4.476735288737555551e-01
3.000000220000000000e+08 4.129868833369001457e-01
3.000000010000000000e+08 4.043736557243575724e-01
