3.000000720000000000e+08 7.740458803521049500e+09
3.000000490000000000e+08 7.740458803521049500e+09
3.000000040000000000e+08 7.740458803521049500e+09
3.000000050000000000e+08 7.740458803521049500e+09
3.000000110000000000e+08 7.740458803521049500e+09
3.000000160000000000e+08 7.740458803521049500e+09
3.000000300000000000e+08 7.740458803521049500e+09
3.000000250000000000e+08 7.740458803521049500e+09
3.000000880000000000e+08 7.740458803521049500e+09
3.000000780000000000e+08 7.740458803521049500e+09
3.000000340000000000e+08 7.740458803521049500e+09
3.000000620000000000e+08 7.740458803521049500e+09
3.000000560000000000e+08 7.740458803521049500e+09
3.000000750000000000e+08 7.740458803521049500e+09
3.000000670000000000e+08 7.740458803521049500e+09
3.000000700000000000e+08 7.740458803521049500e+09
3.000000860000000000e+08 7.740458803521049500e+09
3.000000820000000000e+08 7.740458803521049500e+09
3.000000870000000000e+08 7.740458803521049500e+09
3.000000940000000000e+08 7.719778700899538040e+09
3.000000640000000000e+08 7.714194461613575935e+09
3.000000100000000000e+08 7.713627395904445648e+09
3.000000900000000000e+08 7.700610966499389648e+09
3.000000890000000000e+08 7.700610966499389648e+09
3.000000400000000000e+08 7.699870601059906006e+09
3.000000410000000000e+08 7.699870601059906006e+09
3.000000800000000000e+08 7.699206746230792999e+09
3.000000140000000000e+08 7.697935091534183502e+09
3.000000150000000000e+08 7.697935091534183502e+09
3.000000650000000000e+08 7.696032767106060028e+09
3.000000200000000000e+08 7.692714471493391991e+09
3.000000230000000000e+08 7.692714471493391991e+09
3.000000660000000000e+08 7.690618975053195953e+09
3.000000330000000000e+08 7.689722992055071831e+09
3.000000760000000000e+08 7.689722992055071831e+09
3.000000180000000000e+08 7.687188292157673836e+09
3.000000470000000000e+08 7.685588847848217010e+09
3.000000510000000000e+08 7.685588847848217010e+09
3.000000520000000000e+08 7.685588847848217010e+09
3.000000710000000000e+08 7.683479433715218544e+09
3.000000090000000000e+08 7.675026086318616867e+09
3.000000080000000000e+08 7.675026086318616867e+09
3.000000440000000000e+08 7.669128514749166489e+09
3.000000450000000000e+08 7.669128514749166489e+09
3.000000270000000000e+08 7.666169261570246696e+09
3.000000420000000000e+08 7.665632451052862167e+09
3.000000590000000000e+08 7.664448065046097755e+09
3.000000580000000000e+08 7.664448065046097755e+09
3.000000060000000000e+08 7.664261053158866882e+09
3.000000360000000000e+08 7.657253666048463821e+09
3.000000600000000000e+08 7.656172799902872086e+09
3.000000610000000000e+08 7.656172799902872086e+09
3.000000840000000000e+08 7.654896151308537483e+09
3.000000210000000000e+08 7.652668361854219437e+09
3.000000310000000000e+08 7.651538375432360649e+09
3.000000970000000000e+08 7.647440493879065514e+09
3.000000960000000000e+08 7.647440493879065514e+09
3.000000380000000000e+08 7.647101852330015182e+09
3.000000370000000000e+08 7.647101852330015182e+09
3.000000550000000000e+08 7.640702592784138680e+09
3.000000430000000000e+08 7.634665098112711906e+09
3.000000170000000000e+08 7.631759390112500191e+09
3.000000070000000000e+08 7.626563485668078423e+09
3.000000190000000000e+08 7.624654015270374298e+09
3.000000920000000000e+08 7.620344585063905716e+09
3.000000980000000000e+08 7.620021155838711739e+09
3.000000810000000000e+08 7.620021155838711739e+09
3.000000460000000000e+08 7.613903652751965523e+09
3.000000020000000000e+08 7.607327714791722298e+09
3.000000030000000000e+08 7.606300842334991455e+09
3.000000120000000000e+08 7.606203818068799019e+09
3.000000240000000000e+08 7.599486805765596390e+09
3.000000530000000000e+08 7.598806621740732193e+09
3.000000290000000000e+08 7.596324205327827454e+09
3.000000480000000000e+08 7.589828846947888374e+09
3.000000390000000000e+08 7.587069656086376190e+09
3.000000130000000000e+08 7.569588181842126846e+09
3.000000990000000000e+08 7.551493673925558090e+09
3.000000000000000000e+08 7.547853167457469940e+09
3.000000280000000000e+08 7.538951086812521935e+09
3.000000220000000000e+08 7.538905788137515068e+09
3.000000790000000000e+08 7.523362432826044083e+09
3.000000910000000000e+08 7.522321828115168571e+09
3.000000320000000000e+08 7.519674420679583549e+09
3.000000850000000000e+08 7.514598425383585930e+09
3.000000350000000000e+08 7.491987894081031799e+09
3.000000500000000000e+08 7.490577299850949287e+09
3.000000950000000000e+08 7.481821675497042656e+09
3.000000680000000000e+08 7.462797219732283592e+09
3.000000260000000000e+08 7.448014337796966553e+09
3.000000770000000000e+08 7.425366702908947945e+09
3.000000830000000000e+08 7.417101124503407478e+09
3.000000930000000000e+08 7.388155524333862305e+09
3.000000540000000000e+08 7.376919036562238693e+09
3.000000690000000000e+08 7.318576797710579872e+09
3.000000630000000000e+08 7.272612529990803719e+09
3.000000740000000000e+08 7.192682135480473518e+09
3.000000730000000000e+08 7.136675564525736809e+09
3.000000010000000000e+08 7.117637258645936012e+09
3.000000570000000000e+08 7.080233227275791168e+09
